,avg_five,avg_hundred_twenty,avg_sixty,avg_ten,avg_twenty,date,finial_price,foreign_investment,highest_price,legal_person,lowest_price,opening_price,quantity,self_employed,short_buy,short_sell
0,5.786,4.352999999999999,6.014333333333331,5.8500000000000005,5.8485,2017/01/09,5.5,12521,5.91,0,5.5,5.91,14,0,0,0
1,5.862,4.325083333333334,6.039333333333332,5.870000000000001,5.8675,2017/01/06,5.79,12521,5.96,0,5.3,5.96,17,0,0,0
2,5.901999999999999,4.295166666666668,6.0636666666666645,5.888,5.8629999999999995,2017/01/05,5.7,12521,5.7,0,5.7,5.7,2,0,0,0
3,5.959999999999999,4.265833333333333,6.090499999999998,5.917000000000001,5.8629999999999995,2017/01/04,5.9,12521,5.9,0,5.9,5.9,0,0,0,0
4,5.9479999999999995,4.234083333333333,6.108999999999998,5.917000000000001,5.8605,2017/01/03,6.04,12521,6.15,0,5.7,6.15,19,0,0,0
5,5.914,4.201416666666666,6.124999999999998,5.883000000000001,5.856,2016/12/30,5.88,12521,5.9,0,5.6,5.9,5,0,0,0
6,5.878,4.16975,6.070333333333332,5.8580000000000005,5.8595,2016/12/29,5.99,12521,6.33,0,5.55,6.33,4,0,0,0
7,5.8740000000000006,4.137166666666666,6.012999999999999,5.849,5.8549999999999995,2016/12/28,5.99,12521,6.07,0,5.55,6.07,11,0,0,0
8,5.8740000000000006,4.1040833333333335,5.958333333333332,5.85,5.8325000000000005,2016/12/27,5.84,12521,5.84,0,5.5,5.7,10,0,0,0
9,5.886000000000001,4.072583333333333,5.910833333333332,5.845999999999999,5.816,2016/12/26,5.87,12521,5.88,0,5.52,5.52,6,0,0,0
10,5.852,4.0408333333333335,5.8616666666666655,5.8469999999999995,5.810499999999999,2016/12/23,5.7,12521,6.19,0,5.7,6.19,5,0,0,0
11,5.838,4.01,5.812499999999999,5.865,5.8245,2016/12/22,5.97,12521,5.97,0,5.97,5.97,1,0,0,0
12,5.824,3.977416666666667,5.754666666666666,5.837999999999999,5.837,2016/12/21,5.99,12521,5.99,0,5.9,5.9,2,0,0,0
13,5.826,3.9445,5.696666666666667,5.808999999999999,5.838,2016/12/20,5.9,12521,5.9,0,5.28,5.7,44,0,0,0
14,5.806,3.9120833333333342,5.639333333333334,5.804,5.8765,2016/12/19,5.7,12521,5.7,0,5.7,5.7,1,0,0,0
15,5.8420000000000005,3.8820000000000006,5.585166666666667,5.829,5.895,2016/12/16,5.63,12521,5.85,0,5.63,5.7,7,0,0,0
16,5.892,3.8525000000000005,5.531833333333334,5.861,5.9125,2016/12/15,5.9,12521,5.9,0,5.9,5.9,3,0,0,0
17,5.851999999999999,3.820833333333334,5.472666666666667,5.861,5.9174999999999995,2016/12/14,6.0,12521,6.0,0,6.0,6.0,1,0,0,0
18,5.792,3.787750000000001,5.413333333333333,5.8149999999999995,5.9079999999999995,2016/12/13,5.8,12521,6.1,0,5.8,6.1,4,0,0,0
19,5.8020000000000005,3.7575833333333346,5.3575,5.786,5.927,2016/12/12,5.88,12521,5.88,0,5.88,5.88,0,0,0,0
20,5.816000000000001,3.7266666666666675,5.300333333333334,5.773999999999999,5.9455,2016/12/09,5.88,12521,5.88,0,5.65,5.7,50,0,0,0
21,5.83,3.6955833333333343,5.241333333333334,5.783999999999999,5.9590000000000005,2016/12/08,5.7,12521,5.7,0,5.7,5.7,0,0,0,0
22,5.869999999999999,3.6655833333333345,5.181833333333334,5.835999999999999,5.9795,2016/12/07,5.7,12521,5.9,0,5.7,5.9,12,0,0,0
23,5.838,3.635250000000001,5.121833333333336,5.866999999999999,5.9959999999999996,2016/12/06,5.85,12521,5.85,0,5.85,5.85,2,0,0,0
24,5.77,3.6046666666666676,5.0596666666666685,5.949,6.0235,2016/12/05,5.95,12521,5.95,0,5.64,5.8,15,0,0,0
25,5.731999999999999,3.5727500000000005,4.994166666666668,5.961,6.044500000000001,2016/12/02,5.95,12521,5.95,0,5.88,5.88,2,0,0,0
26,5.7379999999999995,3.540416666666667,4.9298333333333355,5.964,6.0655,2016/12/01,5.9,12521,5.9,0,5.83,5.83,7,0,0,0
27,5.802,3.507333333333334,4.866333333333335,5.974,6.080500000000001,2016/11/30,5.54,12521,5.6,0,5.54,5.6,12,0,0,0
28,5.895999999999999,3.4774166666666675,4.809000000000002,6.001,6.1195,2016/11/29,5.51,12521,5.7,0,5.51,5.7,4,0,0,0
29,6.128,3.4490833333333337,4.752166666666668,6.0680000000000005,6.160000000000001,2016/11/28,5.76,12521,5.81,0,5.76,5.8,47,0,0,0
30,6.19,3.419083333333334,4.688833333333335,6.117000000000001,6.1965,2016/11/25,5.98,12521,6.13,0,5.73,6.01,17,0,0,0
31,6.19,3.3867500000000006,4.624500000000001,6.134000000000001,6.217500000000001,2016/11/24,6.22,12521,6.22,0,6.22,6.22,3,0,0,0
32,6.146000000000001,3.352166666666667,4.556666666666668,6.123000000000001,6.2265000000000015,2016/11/23,6.01,12521,6.59,0,6.01,6.01,20,0,0,0
33,6.106,3.320333333333333,4.491833333333334,6.125000000000001,6.253000000000002,2016/11/22,6.67,12521,6.67,0,5.76,5.8,15,0,0,0
34,6.008,3.283166666666667,4.415500000000001,6.098000000000001,6.239500000000001,2016/11/21,6.07,12521,6.13,0,5.68,5.68,8,0,0,0
35,6.044,3.249416666666667,4.349333333333335,6.128000000000001,6.241500000000002,2016/11/18,5.98,12521,5.98,0,5.71,5.71,10,0,0,0
36,6.078,3.21775,4.286333333333334,6.167000000000001,6.235000000000001,2016/11/17,6.0,12521,6.0,0,5.7,5.7,40,0,0,0
37,6.1,3.186,4.2235000000000005,6.187000000000001,6.225500000000001,2016/11/16,5.81,12521,5.99,0,5.68,5.68,12,0,0,0
38,6.144,3.155083333333333,4.165000000000001,6.238000000000001,6.225000000000001,2016/11/15,6.18,12521,6.2,0,6.18,6.2,10,0,0,0
39,6.188000000000001,3.1221666666666668,4.098000000000001,6.252000000000001,6.222000000000001,2016/11/14,6.25,12521,6.25,0,5.66,6.15,6,0,0,0
40,6.2120000000000015,3.087666666666667,4.032166666666667,6.276000000000002,6.249000000000001,2016/11/11,6.15,12521,6.15,0,6.11,6.11,5,0,0,0
41,6.256000000000001,3.055,3.9658333333333338,6.301000000000001,6.291500000000001,2016/11/10,6.11,12521,6.33,0,6.11,6.33,5,0,0,0
42,6.274,3.02125,3.9023333333333334,6.330000000000001,6.348500000000001,2016/11/09,6.03,12521,6.03,0,6.03,6.03,4,0,0,0
43,6.332,2.9890833333333333,3.8400000000000007,6.381,6.412500000000001,2016/11/08,6.4,12521,6.4,0,6.4,6.4,3,0,0,0
44,6.316000000000001,2.9528333333333334,3.7700000000000005,6.381,6.4430000000000005,2016/11/07,6.37,12521,6.37,0,6.37,6.37,1,0,0,0
45,6.340000000000001,2.9168333333333334,3.7010000000000005,6.355,6.474500000000001,2016/11/04,6.37,12521,6.66,0,6.12,6.66,5,0,0,0
46,6.346000000000001,2.881083333333333,3.632,6.303000000000001,6.286000000000001,2016/11/03,6.2,12521,6.2,0,6.2,6.2,23,0,0,0
47,6.386,2.847333333333333,3.568666666666667,6.264000000000001,6.103500000000001,2016/11/02,6.32,12521,6.32,0,6.32,6.32,0,0,0,0
48,6.43,2.8126666666666664,3.5035000000000007,6.212000000000001,5.923000000000001,2016/11/01,6.32,12521,6.32,0,6.3,6.3,2,0,0,0
49,6.446000000000001,2.7783333333333333,3.434833333333334,6.192,5.756500000000001,2016/10/31,6.49,12521,6.49,0,6.11,6.4,27,0,0,0
50,6.37,2.7415833333333337,3.3650000000000007,6.2219999999999995,5.578000000000001,2016/10/28,6.4,12521,6.4,0,6.4,6.4,1,0,0,0
51,6.26,2.706916666666667,3.2941666666666674,6.282,5.3955,2016/10/27,6.4,12521,6.4,0,6.26,6.26,6,0,0,0
52,6.142,2.6719166666666667,3.2231666666666667,6.366999999999999,5.2005,2016/10/26,6.54,12521,6.54,0,6.4,6.4,32,0,0,0
53,5.994,2.6357500000000003,3.1508333333333334,6.444,4.9990000000000006,2016/10/25,6.4,12521,6.4,0,6.11,6.11,57,0,0,0
54,5.938000000000001,2.6010000000000004,3.081166666666667,6.505,4.8020000000000005,2016/10/24,6.11,12521,6.11,0,5.85,5.85,74,0,0,0
55,6.074,2.568166666666667,3.017,6.593999999999999,4.619000000000001,2016/10/21,5.85,12521,6.1,0,5.8,5.8,29,0,0,0
56,6.304,2.5378333333333334,2.956,6.269,4.448000000000001,2016/10/20,5.81,12521,5.82,0,5.51,5.81,68,0,0,0
57,6.5920000000000005,2.5091666666666663,2.895,5.943,4.275,2016/10/19,5.8,12521,6.06,0,5.55,6.0,29,0,0,0
58,6.894,2.479999999999999,2.8344999999999994,5.6339999999999995,4.107000000000001,2016/10/18,6.12,12521,6.8,0,6.12,6.8,48,0,0,0
59,7.072,2.4485833333333327,2.7683333333333326,5.321,3.9235000000000007,2016/10/17,6.79,12521,7.01,0,6.79,7.0,21,0,0,0
60,7.114,2.4137499999999994,2.691666666666666,4.934,3.7065000000000006,2016/10/14,7.0,12521,7.2,0,7.0,7.2,29,0,0,0
61,6.234,2.375249999999999,2.6108333333333333,4.509,3.4735000000000005,2016/10/13,7.25,12520,7.3,0,6.71,7.3,22,0,0,0
62,5.294,2.336833333333332,2.5266666666666664,4.034000000000001,3.2175000000000002,2016/10/12,7.31,12520,7.4,0,7.01,7.01,31,0,0,0
63,4.3740000000000006,2.3003333333333322,2.4411666666666667,3.5540000000000007,2.9570000000000003,2016/10/11,7.01,12520,7.4,0,7.0,7.4,25,0,0,0
64,3.5700000000000003,2.2689999999999992,2.3591666666666673,3.099,2.712500000000001,2016/10/07,7.0,12520,7.75,0,6.7,7.75,63,0,0,0
65,2.7540000000000004,2.2395833333333326,2.277833333333334,2.6439999999999997,2.4635000000000007,2016/09/22,2.6,38838,2.6,0,2.55,2.6,225,0,0,0
66,2.784,2.2466666666666653,2.2691666666666674,2.6270000000000002,2.4380000000000006,2016/09/21,2.55,38838,2.75,0,2.55,2.7,233,0,0,0
67,2.774,2.2530833333333318,2.261333333333334,2.607,2.4150000000000005,2016/09/20,2.71,38838,2.8,0,2.71,2.8,183,0,0,0
68,2.734,2.2576666666666654,2.249833333333334,2.5800000000000005,2.3845000000000005,2016/09/19,2.99,38838,3.01,0,2.98,2.98,233,0,0,0
69,2.6279999999999997,2.2605833333333316,2.234333333333334,2.526,2.3400000000000007,2016/09/14,2.92,38838,3.0,0,2.8,2.8,554,0,0,0
70,2.534,2.264749999999999,2.2200000000000006,2.479,2.2920000000000007,2016/09/13,2.75,38838,2.75,0,2.55,2.55,530,0,0,0
71,2.4699999999999998,2.2714999999999987,2.207500000000001,2.4379999999999997,2.260500000000001,2016/09/12,2.5,38838,2.5,0,2.4,2.4,288,0,0,0
72,2.44,2.2818333333333323,2.2001666666666675,2.4010000000000002,2.2430000000000008,2016/09/10,2.51,38838,2.51,0,2.22,2.22,278,0,0,0
73,2.4259999999999997,2.291166666666666,2.1923333333333344,2.3600000000000003,2.2235000000000005,2016/09/09,2.46,38838,2.5,0,2.4,2.4,255,0,0,0
74,2.4240000000000004,2.302333333333332,2.1848333333333345,2.3259999999999996,2.2050000000000005,2016/09/08,2.45,38838,2.45,0,2.4,2.4,95,0,0,0
75,2.4240000000000004,2.313333333333332,2.1788333333333343,2.283,2.187500000000001,2016/09/07,2.43,38838,2.45,0,2.35,2.35,146,0,0,0
76,2.4059999999999997,2.324749999999999,2.1731666666666674,2.2489999999999997,2.1760000000000006,2016/09/06,2.35,38838,2.44,0,2.35,2.37,196,0,0,0
77,2.3619999999999997,2.3376666666666654,2.1690000000000014,2.223,2.1700000000000004,2016/09/05,2.44,38838,2.45,0,2.32,2.45,179,0,0,0
78,2.2939999999999996,2.3514999999999993,2.162166666666668,2.189,2.1630000000000003,2016/09/02,2.45,38838,2.45,0,2.44,2.44,49,0,0,0
79,2.228,2.3644166666666657,2.157666666666668,2.1540000000000004,2.1485,2016/09/01,2.45,38838,2.45,0,2.35,2.35,328,0,0,0
80,2.1420000000000003,2.3781666666666657,2.153000000000001,2.1050000000000004,2.1409999999999996,2016/08/31,2.34,38838,2.34,0,2.15,2.15,82,0,0,0
81,2.092,2.3931666666666658,2.1498333333333344,2.083,2.1324999999999994,2016/08/30,2.13,38838,2.15,0,2.11,2.11,78,0,0,0
82,2.0839999999999996,2.4068333333333323,2.149333333333334,2.085,2.1409999999999996,2016/08/29,2.1,38838,2.15,0,2.1,2.1,75,0,0,0
83,2.0839999999999996,2.420333333333333,2.1486666666666676,2.087,2.1504999999999996,2016/08/26,2.12,38838,2.15,0,2.01,2.01,27,0,0,0
84,2.0799999999999996,2.434333333333333,2.1496666666666675,2.0840000000000005,2.1545,2016/08/25,2.02,38838,2.13,0,2.02,2.13,37,0,0,0
85,2.068,2.4489999999999994,2.151333333333334,2.092,2.165,2016/08/24,2.09,38838,2.09,0,2.09,2.09,53,0,0,0
86,2.0740000000000003,2.4634999999999994,2.151000000000001,2.1030000000000006,2.1719999999999997,2016/08/23,2.09,38838,2.1,0,2.09,2.1,50,0,0,0
87,2.086,2.4778333333333333,2.1483333333333343,2.1170000000000004,2.1875,2016/08/22,2.1,38838,2.1,0,2.1,2.1,0,0,0,0
88,2.09,2.492,2.1458333333333344,2.1370000000000005,2.2030000000000003,2016/08/19,2.1,38838,2.15,0,2.1,2.1,41,0,0,0
89,2.088,2.5060833333333337,2.146000000000001,2.1430000000000002,2.2079999999999997,2016/08/18,1.96,38838,1.96,0,1.93,1.93,36,0,0,0
90,2.116,2.5185,2.149333333333334,2.1770000000000005,2.225,2016/08/17,2.12,38838,2.12,0,2.0,2.02,177,0,0,0
91,2.1319999999999997,2.5295833333333335,2.149000000000001,2.1820000000000004,2.2265,2016/08/16,2.15,38838,2.15,0,2.01,2.12,107,0,0,0
92,2.148,2.541166666666667,2.1476666666666673,2.197,2.226,2016/08/15,2.12,38838,2.12,0,2.08,2.08,54,0,0,0
93,2.184,2.552583333333333,2.148833333333334,2.214,2.2299999999999995,2016/08/12,2.09,38838,2.15,0,2.02,2.15,59,0,0,0
94,2.198,2.5643333333333334,2.1508333333333334,2.2250000000000005,2.2364999999999995,2016/08/11,2.1,38838,2.23,0,2.04,2.11,27,0,0,0
95,2.2380000000000004,2.57575,2.1495000000000006,2.2380000000000004,2.2445,2016/08/10,2.2,38838,2.2,0,2.09,2.09,12,0,0,0
96,2.232,2.5850000000000004,2.149166666666667,2.2410000000000005,2.2439999999999998,2016/08/09,2.23,38838,2.25,0,2.1,2.15,96,0,0,0
97,2.246,2.59425,2.1485000000000003,2.258,2.2399999999999998,2016/08/08,2.3,38838,2.32,0,2.15,2.32,64,0,0,0
98,2.2439999999999998,2.604,2.145166666666667,2.2690000000000006,2.2335000000000003,2016/08/05,2.16,38838,2.25,0,2.16,2.16,18,0,0,0
99,2.2520000000000002,2.61475,2.1463333333333336,2.2730000000000006,2.2329999999999997,2016/08/04,2.3,38838,2.35,0,2.21,2.3,22,0,0,0
100,2.2380000000000004,2.6245833333333333,2.143166666666667,2.2730000000000006,2.2275,2016/08/03,2.17,38838,2.17,0,2.16,2.16,16,0,0,0
101,2.25,2.6355,2.1441666666666674,2.271,2.2264999999999997,2016/08/02,2.3,38838,2.35,0,2.26,2.28,31,0,0,0
102,2.2700000000000005,2.64525,2.140166666666667,2.2550000000000003,2.2215,2016/08/01,2.29,38838,2.29,0,2.14,2.2,59,0,0,0
103,2.294,2.65525,2.138166666666667,2.246,2.2159999999999997,2016/07/29,2.2,38838,2.23,0,2.15,2.23,55,0,0,0
104,2.294,2.6660833333333334,2.135666666666667,2.248,2.2104999999999997,2016/07/28,2.23,38838,2.23,0,2.23,2.23,6,0,0,0
105,2.308,2.676916666666666,2.1326666666666667,2.2510000000000003,2.2049999999999996,2016/07/27,2.23,38838,2.4,0,2.23,2.35,154,0,0,0
106,2.2920000000000003,2.687833333333333,2.1301666666666668,2.247,2.1974999999999993,2016/07/26,2.4,38838,2.4,0,2.24,2.24,78,0,0,0
107,2.2399999999999998,2.6969166666666666,2.126,2.222,2.1814999999999993,2016/07/25,2.41,38838,2.42,0,2.15,2.2,289,0,0,0
108,2.1980000000000004,2.705666666666666,2.1218333333333335,2.198,2.1619999999999995,2016/07/22,2.2,38838,2.4,0,2.2,2.4,75,0,0,0
109,2.2020000000000004,2.716333333333333,2.1218333333333335,2.193,2.1549999999999994,2016/07/21,2.3,38838,2.35,0,2.18,2.18,58,0,0,0
110,2.194,2.7261666666666664,2.1181666666666668,2.182,2.1429999999999993,2016/07/20,2.15,38838,2.16,0,2.15,2.15,75,0,0,0
111,2.202,2.7378333333333336,2.1196666666666664,2.182,2.1354999999999995,2016/07/19,2.14,38838,2.14,0,2.07,2.07,2,0,0,0
112,2.2039999999999997,2.7487500000000002,2.1206666666666667,2.1879999999999997,2.1314999999999995,2016/07/18,2.2,38838,2.4,0,2.06,2.06,41,0,0,0
113,2.198,2.7591666666666668,2.1206666666666667,2.186,2.123499999999999,2016/07/15,2.22,38838,2.32,0,2.18,2.32,48,0,0,0
114,2.184,2.7695,2.120833333333333,2.173,2.112999999999999,2016/07/14,2.26,38838,2.32,0,2.2,2.22,97,0,0,0
115,2.17,2.7784166666666663,2.119333333333333,2.159,2.1044999999999994,2016/07/13,2.19,38838,2.2,0,2.12,2.12,82,0,0,0
116,2.162,2.7884999999999995,2.1196666666666664,2.148,2.0994999999999995,2016/07/12,2.15,38838,2.15,0,2.08,2.08,99,0,0,0
117,2.1719999999999997,2.7991666666666664,2.123333333333333,2.141,2.0969999999999995,2016/07/11,2.17,38838,2.17,0,2.05,2.05,23,0,0,0
118,2.174,2.8101666666666665,2.1254999999999997,2.126,2.0899999999999994,2016/07/07,2.15,38838,2.22,0,2.15,2.22,54,0,0,0
119,2.162,2.8223333333333334,2.128833333333333,2.117,2.0914999999999995,2016/07/06,2.19,38838,2.25,0,2.15,2.15,246,0,0,0
120,2.1479999999999997,2.834416666666667,2.135833333333333,2.1039999999999996,2.0904999999999996,2016/07/05,2.15,38838,2.2,0,2.15,2.2,34,0,0,0
121,2.1340000000000003,2.8472500000000003,2.1396666666666664,2.0889999999999995,2.0904999999999996,2016/07/04,2.2,38838,2.2,0,2.2,2.2,6,0,0,0
122,2.1100000000000003,2.8593333333333333,2.147,2.0749999999999997,2.0855,2016/07/01,2.18,38838,2.18,0,2.07,2.1,10,0,0,0
123,2.0780000000000003,2.8725000000000005,2.1595,2.061,2.0795,2016/06/30,2.09,38838,2.1,0,2.09,2.1,11,0,0,0
124,2.072,2.887416666666667,2.178833333333333,2.053,2.084,2016/06/29,2.12,38838,2.16,0,2.1,2.11,123,0,0,0
125,2.06,2.9028333333333336,2.201333333333333,2.05,2.084,2016/06/28,2.08,38838,2.08,0,2.0,2.0,45,0,0,0
126,2.044,2.919833333333334,2.2241666666666666,2.0509999999999997,2.0835,2016/06/27,2.08,38838,2.08,0,1.97,2.0,24,0,0,0
127,2.04,2.935666666666667,2.2448333333333332,2.053,2.0759999999999996,2016/06/24,2.02,38838,2.04,0,1.97,1.97,45,0,0,0
128,2.044,2.9525000000000006,2.2655000000000003,2.0539999999999994,2.0725,2016/06/23,2.06,38838,2.06,0,2.06,2.06,21,0,0,0
129,2.034,2.9696666666666673,2.2868333333333335,2.066,2.075,2016/06/22,2.06,38838,2.1,0,1.97,1.97,84,0,0,0
130,2.04,2.9875000000000003,2.3095000000000003,2.0769999999999995,2.08,2016/06/21,2.0,38838,2.0,0,2.0,2.0,3,0,0,0
131,2.058,3.002916666666667,2.3355000000000006,2.092,2.085,2016/06/20,2.06,38838,2.06,0,1.93,1.93,29,0,0,0
132,2.066,3.0182500000000005,2.3635000000000006,2.096,2.0855,2016/06/17,2.04,38838,2.05,0,1.92,1.96,42,0,0,0
133,2.0639999999999996,3.034500000000001,2.3900000000000006,2.098,2.0930000000000004,2016/06/16,2.01,38853,2.01,0,2.0,2.0,55,0,0,0
134,2.098,3.048583333333334,2.4198333333333335,2.1149999999999998,2.103,2016/06/15,2.09,38853,2.09,0,2.01,2.01,69,0,0,0
135,2.114,3.060916666666668,2.4478333333333335,2.118,2.0995000000000004,2016/06/14,2.09,38853,2.11,0,2.0,2.0,26,0,0,0
136,2.126,3.0738333333333343,2.4763333333333333,2.1159999999999997,2.104,2016/06/13,2.1,38853,2.1,0,1.95,1.96,30,0,0,0
137,2.126,3.088333333333334,2.506333333333333,2.099,2.1085000000000003,2016/06/08,2.03,38853,2.22,0,2.03,2.22,47,0,0,0
138,2.132,3.103500000000001,2.540833333333333,2.0909999999999997,2.112,2016/06/07,2.18,38853,2.24,0,2.0,2.24,22,0,0,0
139,2.132,3.118250000000001,2.571166666666667,2.0839999999999996,2.1145,2016/06/06,2.17,38853,2.17,0,1.96,1.96,21,0,0,0
140,2.122,3.1335000000000006,2.603333333333333,2.0829999999999997,2.1115,2016/06/04,2.15,38853,2.15,0,2.1,2.1,4,0,0,0
141,2.1060000000000003,3.1502500000000007,2.6364999999999994,2.078,2.1155,2016/06/03,2.1,38853,2.1,0,2.0,2.01,41,0,0,0
142,2.072,3.1679166666666676,2.664333333333333,2.075,2.1134999999999997,2016/06/02,2.06,38853,2.1,0,2.05,2.1,63,0,0,0
143,2.05,3.1827500000000004,2.6919999999999997,2.088,2.119,2016/06/01,2.18,38853,2.2,0,2.02,2.2,118,0,0,0
144,2.036,3.1958333333333337,2.719,2.091,2.1125,2016/05/31,2.12,38853,2.12,0,1.95,2.07,94,0,0,0
145,2.044,3.2090000000000005,2.746666666666667,2.081,2.109,2016/05/30,2.07,38853,2.1,0,1.88,2.1,66,0,0,0
146,2.05,3.223166666666667,2.7760000000000002,2.0919999999999996,2.1094999999999997,2016/05/27,1.93,38853,2.01,0,1.92,2.0,44,0,0,0
147,2.0780000000000003,3.2390000000000003,2.8073333333333332,2.118,2.1205,2016/05/26,1.95,38853,2.13,0,1.9,1.9,70,0,0,0
148,2.126,3.2534166666666673,2.8381666666666665,2.133,2.131,2016/05/25,2.11,38853,2.12,0,1.96,1.97,30,0,0,0
149,2.146,3.2683333333333335,2.8661666666666665,2.145,2.1355,2016/05/24,2.16,38853,2.19,0,2.0,2.19,50,0,0,0
150,2.118,3.2837500000000004,2.8876666666666666,2.1399999999999997,2.1315,2016/05/23,2.1,38853,2.27,0,2.06,2.27,51,0,0,0
151,2.1339999999999995,3.299833333333334,2.910166666666667,2.1529999999999996,2.1384999999999996,2016/05/20,2.07,38863,2.2,0,2.0,2.2,11,0,0,0
152,2.158,3.317500000000001,2.9346666666666668,2.152,2.145,2016/05/19,2.19,38863,2.19,0,1.99,2.0,15,0,0,0
153,2.1399999999999997,3.3333333333333344,2.9563333333333337,2.15,2.1454999999999997,2016/05/18,2.21,38863,2.21,0,2.09,2.09,16,0,0,0
154,2.144,3.3491666666666675,2.9778333333333338,2.134,2.1464999999999996,2016/05/17,2.02,38863,2.03,0,2.02,2.03,12,0,0,0
155,2.162,3.366250000000001,3.0020000000000007,2.1369999999999996,2.1539999999999995,2016/05/16,2.18,38863,2.18,0,2.0,2.0,34,0,0,0
156,2.1719999999999997,3.381833333333334,3.0208333333333335,2.127,2.1554999999999995,2016/05/13,2.19,38863,2.19,0,1.9,1.9,20,0,0,0
157,2.146,3.398666666666668,3.04,2.123,2.1644999999999994,2016/05/12,2.1,38863,2.37,0,2.1,2.37,23,0,0,0
158,2.1599999999999997,3.4161666666666677,3.0628333333333333,2.129,2.174499999999999,2016/05/11,2.23,38863,2.23,0,2.05,2.06,45,0,0,0
159,2.1239999999999997,3.4343333333333343,3.0831666666666666,2.126,2.1804999999999994,2016/05/10,2.11,38863,2.35,0,2.02,2.35,259,0,0,0
160,2.1119999999999997,3.454500000000001,3.106,2.1229999999999998,2.2055,2016/05/09,2.23,38863,2.23,0,2.02,2.02,19,0,0,0
161,2.082,3.4739166666666677,3.126833333333333,2.124,2.213,2016/05/06,2.06,38863,2.38,0,2.05,2.05,22,0,0,0
162,2.1,3.494750000000001,3.150333333333333,2.1380000000000003,2.242,2016/05/05,2.17,38863,2.19,0,2.05,2.05,19,0,0,0
163,2.0980000000000003,3.5148333333333346,3.1723333333333334,2.1410000000000005,2.28,2016/05/04,2.05,38863,2.2,0,2.05,2.06,33,0,0,0
164,2.128,3.5360833333333344,3.1965,2.1590000000000003,2.34,2016/05/03,2.05,38863,2.05,0,2.05,2.05,10,0,0,0
165,2.134,3.5569166666666674,3.2211666666666665,2.1710000000000003,2.4109999999999996,2016/04/29,2.08,38863,2.2,0,2.05,2.2,19,0,0,0
166,2.166,3.578166666666667,3.2454999999999994,2.184,2.4795,2016/04/28,2.15,38863,2.15,0,2.15,2.15,3,0,0,0
167,2.176,3.598916666666667,3.267833333333333,2.2060000000000004,2.5380000000000003,2016/04/27,2.16,38863,2.2,0,2.02,2.03,33,0,0,0
168,2.184,3.6197500000000007,3.2894999999999994,2.22,2.5930000000000004,2016/04/26,2.2,38868,2.21,0,2.06,2.21,26,0,0,0
169,2.1900000000000004,3.6410000000000005,3.310833333333333,2.2350000000000003,2.6500000000000004,2016/04/25,2.08,38868,2.2,0,2.03,2.05,48,0,0,0
170,2.208,3.6630833333333337,3.334166666666666,2.2880000000000003,2.717,2016/04/22,2.24,38868,2.24,0,2.1,2.24,45,0,0,0
171,2.202,3.684333333333334,3.3559999999999994,2.3020000000000005,2.7830000000000004,2016/04/21,2.2,38868,2.2,0,2.15,2.15,23,0,0,0
172,2.2359999999999998,3.705916666666667,3.3768333333333325,2.346,2.8600000000000003,2016/04/20,2.2,38868,2.37,0,2.12,2.37,91,0,0,0
173,2.256,3.7290000000000005,3.397666666666666,2.419,2.9315,2016/04/19,2.23,38868,2.25,0,2.14,2.15,186,0,0,0
174,2.2800000000000002,3.752333333333334,3.418166666666666,2.521,3.0100000000000002,2016/04/18,2.17,38868,2.26,0,2.01,2.01,115,0,0,0
175,2.368,3.7750833333333342,3.4375,2.6510000000000002,3.0900000000000003,2016/04/15,2.21,38868,2.4,0,2.21,2.4,19,0,0,0
176,2.402,3.7952500000000007,3.457333333333333,2.7750000000000004,3.1695,2016/04/14,2.37,38868,2.49,0,2.13,2.49,28,0,0,0
177,2.456,3.810583333333334,3.475,2.87,3.246,2016/04/13,2.3,38868,2.3,0,2.15,2.16,66,0,0,0
178,2.582,3.8270833333333343,3.4948333333333332,2.966,3.336,2016/04/12,2.35,38868,2.38,0,2.35,2.36,370,0,0,0
179,2.7619999999999996,3.841583333333334,3.5158333333333336,3.0650000000000004,3.4185000000000003,2016/04/11,2.61,38868,2.61,0,2.15,2.15,434,0,0,0
180,2.934,3.8544166666666673,3.533,3.146,3.493,2016/04/08,2.38,38868,2.38,0,2.38,2.38,28,0,0,0
181,3.148,3.8696666666666677,3.5548333333333333,3.2640000000000002,3.5810000000000004,2016/04/07,2.64,38868,2.64,0,2.64,2.64,23,0,0,0
182,3.284,3.882750000000001,3.5716666666666663,3.3739999999999997,3.6374999999999993,2016/04/06,2.93,38868,3.19,0,2.93,3.08,492,0,0,0
183,3.35,3.8936666666666677,3.5855,3.444,3.6769999999999996,2016/04/01,3.25,38867,3.44,0,3.25,3.44,97,0,0,0
184,3.368,3.9033333333333347,3.5959999999999996,3.4989999999999997,3.7044999999999995,2016/03/31,3.47,38867,3.47,0,3.35,3.45,69,0,0,0
185,3.3579999999999997,3.911666666666668,3.6043333333333334,3.529,3.7199999999999998,2016/03/30,3.45,38869,3.45,0,3.34,3.38,203,0,0,0
186,3.38,3.9195833333333345,3.6155,3.564,3.7389999999999994,2016/03/29,3.32,38877,3.43,0,3.27,3.43,123,0,0,0
187,3.464,3.9293333333333345,3.6265,3.622,3.7634999999999996,2016/03/28,3.26,38884,3.3,0,3.2,3.26,239,0,0,0
188,3.5379999999999994,3.936916666666668,3.6395,3.7060000000000004,3.7904999999999993,2016/03/25,3.34,38856,3.42,0,3.3,3.42,149,0,0,0
189,3.63,3.9464166666666687,3.6525000000000003,3.772,3.8129999999999997,2016/03/24,3.42,38855,3.5,0,3.31,3.5,340,0,0,0
190,3.7,3.9543333333333353,3.6655,3.84,3.8145,2016/03/23,3.56,38855,3.68,0,3.52,3.52,166,0,0,0
191,3.7479999999999998,3.962083333333335,3.6703333333333332,3.8979999999999997,3.8089999999999997,2016/03/22,3.74,38855,3.74,0,3.57,3.67,47,0,0,0
192,3.78,3.9666666666666686,3.673,3.901,3.7989999999999995,2016/03/21,3.63,38852,3.85,0,3.63,3.7,96,0,0,0
193,3.8739999999999997,3.9744166666666687,3.6790000000000003,3.91,3.7919999999999994,2016/03/18,3.8,38852,3.83,0,3.69,3.69,31,0,0,0
194,3.914,3.9805000000000015,3.677333333333333,3.91,3.7769999999999997,2016/03/17,3.77,38853,3.82,0,3.66,3.82,105,0,0,0
195,3.9799999999999995,3.9857500000000017,3.674,3.911,3.7619999999999996,2016/03/16,3.8,38852,3.88,0,3.8,3.85,76,0,0,0
196,4.048,3.9905000000000017,3.6713333333333336,3.914,3.7375,2016/03/15,3.9,38861,4.1,0,3.82,4.1,92,0,0,0
197,4.022,3.995666666666668,3.6703333333333332,3.905,3.7095,2016/03/14,4.1,38881,4.12,0,3.99,4.12,159,0,0,0
198,3.946,4.000916666666668,3.666166666666667,3.875,3.678,2016/03/11,4.0,38945,4.1,0,3.99,4.1,119,0,0,0
199,3.906,4.006583333333335,3.6653333333333338,3.854,3.6505,2016/03/10,4.1,38965,4.25,0,4.02,4.25,490,0,0,0
200,3.842,4.010000000000002,3.6636666666666664,3.789,3.619500000000001,2016/03/09,4.14,39204,4.14,0,3.7,3.74,883,0,0,0
201,3.7800000000000002,4.012333333333335,3.664,3.72,3.586500000000001,2016/03/08,3.77,39445,3.79,0,3.69,3.7,33,0,0,0
202,3.7880000000000003,4.017833333333335,3.6715000000000004,3.6970000000000005,3.5715000000000003,2016/03/07,3.72,39445,3.85,0,3.7,3.85,108,0,0,0
203,3.8040000000000007,4.026833333333335,3.6735,3.6740000000000004,3.560000000000001,2016/03/04,3.8,39509,3.87,0,3.7,3.78,69,0,0,0
204,3.8020000000000005,4.031583333333335,3.6726666666666667,3.6440000000000006,3.545000000000001,2016/03/03,3.78,39509,3.82,0,3.67,3.67,56,0,0,0
205,3.7359999999999998,4.033250000000002,3.671333333333334,3.6130000000000004,3.532500000000001,2016/03/02,3.83,39491,3.85,0,3.75,3.75,96,0,0,0
206,3.6599999999999993,4.034666666666669,3.6703333333333337,3.561,3.5180000000000007,2016/03/01,3.81,39501,3.81,0,3.65,3.8,128,0,0,0
207,3.6059999999999994,4.035750000000002,3.670666666666667,3.5140000000000002,3.502000000000001,2016/02/26,3.8,39484,4.0,0,3.7,3.79,388,0,0,0
208,3.5439999999999996,4.037083333333335,3.6686666666666667,3.4809999999999994,3.4850000000000008,2016/02/25,3.79,39535,3.79,0,3.42,3.42,508,0,0,0
209,3.4859999999999998,4.037500000000001,3.6705,3.447,3.469500000000001,2016/02/24,3.45,39654,3.5,0,3.41,3.45,27,0,0,0
210,3.4899999999999998,4.041000000000001,3.6798333333333337,3.4499999999999993,3.471000000000001,2016/02/23,3.45,39654,3.5,0,3.43,3.5,36,0,0,0
211,3.4619999999999997,4.041666666666668,3.6895000000000002,3.4529999999999994,3.4760000000000004,2016/02/22,3.54,39653,3.57,0,3.39,3.57,50,0,0,0
212,3.4219999999999997,4.041750000000001,3.7003333333333335,3.4459999999999993,3.4715000000000003,2016/02/19,3.49,39653,3.49,0,3.4,3.49,15,0,0,0
213,3.418,4.043000000000001,3.7103333333333333,3.4459999999999993,3.469500000000001,2016/02/18,3.5,39654,3.51,0,3.38,3.47,95,0,0,0
214,3.408,4.044750000000001,3.7205000000000004,3.4459999999999993,3.4675000000000002,2016/02/17,3.47,39661,3.51,0,3.32,3.35,49,0,0,0
215,3.41,4.046916666666667,3.7305,3.4519999999999995,3.4605000000000006,2016/02/16,3.31,39663,3.48,0,3.22,3.48,49,0,0,0
216,3.4440000000000004,4.051416666666667,3.742833333333334,3.475,3.4650000000000007,2016/02/15,3.34,39663,3.43,0,3.34,3.43,6,0,0,0
217,3.47,4.056166666666668,3.757333333333334,3.4899999999999998,3.4695,2016/02/03,3.47,39663,3.47,0,3.4,3.4,15,0,0,0
218,3.474,4.059916666666668,3.7695000000000003,3.489,3.4705000000000004,2016/02/02,3.45,39663,3.45,0,3.45,3.45,0,0,0,0
219,3.4840000000000004,4.064250000000002,3.7855000000000003,3.492,3.4785000000000004,2016/02/01,3.48,39663,3.48,0,3.35,3.35,17,0,0,0
220,3.4940000000000007,4.067833333333335,3.8030000000000004,3.492,3.4865000000000004,2016/01/30,3.48,39664,3.48,0,3.35,3.35,13,0,0,0
221,3.5060000000000002,4.072250000000001,3.8210000000000006,3.499,3.4970000000000008,2016/01/29,3.47,39664,3.47,0,3.4,3.4,28,0,0,0
222,3.5100000000000002,4.077250000000001,3.8391666666666677,3.497,3.5060000000000002,2016/01/28,3.49,39664,3.49,0,3.49,3.49,12,0,0,0
223,3.504,4.081500000000001,3.8573333333333344,3.493,3.5195,2016/01/27,3.5,39664,3.5,0,3.31,3.41,28,0,0,0
224,3.5,4.0870000000000015,3.8756666666666675,3.489,3.5385,2016/01/26,3.53,39656,3.53,0,3.42,3.42,14,0,0,0
225,3.4899999999999998,4.089666666666669,3.892666666666668,3.4690000000000003,3.5604999999999998,2016/01/25,3.54,39656,3.55,0,3.44,3.55,26,0,0,0
226,3.492,4.092666666666668,3.9108333333333345,3.4550000000000005,3.5894999999999997,2016/01/22,3.49,39656,3.55,0,3.4,3.55,37,0,0,0
227,3.4840000000000004,4.097833333333335,3.9300000000000006,3.4490000000000003,3.614,2016/01/21,3.46,39670,3.49,0,3.35,3.49,16,0,0,0
228,3.482,4.104166666666669,3.9500000000000006,3.4520000000000004,3.643,2016/01/20,3.48,39670,3.57,0,3.33,3.57,51,0,0,0
229,3.478,4.109750000000002,3.9711666666666674,3.465,3.675,2016/01/19,3.48,39677,3.49,0,3.47,3.47,22,0,0,0
230,3.4480000000000004,4.113250000000002,3.9920000000000004,3.4810000000000003,3.711,2016/01/18,3.55,39676,3.58,0,3.45,3.45,109,0,0,0
231,3.4180000000000006,4.117916666666668,4.012666666666667,3.495,3.7260000000000004,2016/01/15,3.45,39723,3.57,0,3.44,3.45,38,0,0,0
232,3.414,4.120333333333335,4.035,3.5149999999999997,3.7485,2016/01/14,3.45,39723,3.45,0,3.4,3.45,14,0,0,0
233,3.4219999999999997,4.126166666666668,4.060333333333334,3.5460000000000003,3.7755,2016/01/13,3.46,39725,3.48,0,3.33,3.4,70,0,0,0
234,3.4519999999999995,4.134083333333335,4.0865,3.588,3.7875,2016/01/12,3.33,39726,3.59,0,3.33,3.59,36,0,0,0
235,3.5140000000000002,4.145500000000002,4.112666666666667,3.6519999999999997,3.7995000000000005,2016/01/11,3.4,39727,3.46,0,3.3,3.3,25,0,0,0
236,3.572,4.1573333333333355,4.133166666666667,3.724,3.8115,2016/01/08,3.43,39727,3.53,0,3.24,3.29,68,0,0,0
237,3.6159999999999997,4.168916666666669,4.146166666666667,3.779,3.832,2016/01/07,3.49,39720,3.5,0,3.32,3.5,49,0,0,0
238,3.6699999999999995,4.1815000000000015,4.1593333333333335,3.8340000000000005,3.85,2016/01/06,3.61,39720,3.7,0,3.5,3.6,93,0,0,0
239,3.724,4.192250000000001,4.167333333333334,3.8850000000000002,3.867,2016/01/05,3.64,39723,3.74,0,3.6,3.74,203,0,0,0
240,3.79,4.202750000000001,4.175833333333333,3.9410000000000003,3.8850000000000002,2016/01/04,3.69,39803,3.75,0,3.55,3.65,174,0,0,0
241,3.876,4.214083333333334,4.184500000000001,3.957,3.9085,2015/12/31,3.65,39801,3.81,0,3.65,3.76,97,0,0,0
242,3.9419999999999993,4.2250000000000005,4.193833333333334,3.982,3.9370000000000003,2015/12/30,3.76,39802,3.87,0,3.76,3.82,141,0,0,0
243,3.9979999999999998,4.236333333333334,4.201833333333334,4.005000000000001,3.9410000000000003,2015/12/29,3.88,39791,4.0,0,3.74,4.0,137,0,0,0
244,4.046,4.246333333333334,4.210666666666667,3.9870000000000005,3.9345,2015/12/28,3.97,39791,4.12,0,3.9,4.12,70,0,0,0
245,4.0920000000000005,4.258416666666667,4.219,3.9470000000000005,3.9210000000000003,2015/12/25,4.12,39786,4.15,0,3.97,4.15,57,0,0,0
246,4.038,4.269666666666668,4.223666666666667,3.899,3.9035,2015/12/24,3.98,39783,4.0,0,3.97,3.97,63,0,0,0
247,4.022,4.282416666666667,4.232166666666667,3.8850000000000002,3.896,2015/12/23,4.04,39781,4.35,0,4.02,4.14,97,0,0,0
248,4.012,4.293750000000001,4.234333333333334,3.8660000000000005,3.878,2015/12/22,4.12,39784,4.19,0,3.95,4.19,212,0,0,0
249,3.928,4.3044166666666674,4.240333333333334,3.849000000000001,3.867,2015/12/21,4.2,39884,4.2,0,3.93,3.93,158,0,0,0
250,3.8020000000000005,4.316083333333334,4.243166666666667,3.8290000000000006,3.8574999999999995,2015/12/18,3.85,39879,3.86,0,3.76,3.76,53,0,0,0
251,3.7600000000000002,4.3306666666666676,4.253833333333334,3.8600000000000003,3.8665,2015/12/17,3.9,39879,4.05,0,3.82,4.05,112,0,0,0
252,3.748,4.3451666666666675,4.2603333333333335,3.8920000000000003,3.8809999999999993,2015/12/16,3.99,39911,4.0,0,3.7,3.7,143,0,0,0
253,3.72,4.35775,4.269833333333334,3.8770000000000002,3.8859999999999992,2015/12/15,3.7,39911,3.77,0,3.51,3.77,46,0,0,0
254,3.7700000000000005,4.372916666666667,4.283666666666667,3.882,3.906499999999999,2015/12/14,3.57,39917,3.57,0,3.5,3.5,14,0,0,0
255,3.8560000000000003,4.391583333333333,4.2975,3.8950000000000005,3.931499999999999,2015/12/11,3.64,39917,3.7,0,3.61,3.63,53,0,0,0
256,3.96,4.412083333333333,4.309666666666667,3.908,3.951999999999999,2015/12/10,3.84,39916,3.85,0,3.68,3.85,99,0,0,0
257,4.036,4.426833333333334,4.321,3.907,3.970499999999999,2015/12/09,3.85,39911,3.88,0,3.85,3.87,40,0,0,0
258,4.034,4.437250000000001,4.335666666666667,3.8899999999999997,3.9879999999999995,2015/12/08,3.95,39911,4.14,0,3.95,3.95,99,0,0,0
259,3.9939999999999998,4.447666666666667,4.347833333333333,3.8849999999999993,4.010999999999999,2015/12/07,4.0,39917,4.11,0,3.98,4.11,48,0,0,0
260,3.9339999999999997,4.458500000000001,4.356333333333334,3.8859999999999992,4.0375,2015/12/04,4.16,39917,4.25,0,3.9,4.2,138,0,0,0
261,3.8560000000000003,4.468000000000001,4.360666666666666,3.8729999999999998,4.057499999999999,2015/12/03,4.22,39920,4.22,0,3.9,3.9,419,0,0,0
262,3.778,4.477333333333334,4.364166666666667,3.8699999999999997,4.0745,2015/12/02,3.84,39950,3.85,0,3.75,3.75,59,0,0,0
263,3.746,4.488250000000002,4.380166666666667,3.8949999999999996,4.1114999999999995,2015/12/01,3.75,39950,3.8,0,3.7,3.7,33,0,0,0
264,3.776,4.503666666666667,4.3905,3.9309999999999996,4.153999999999999,2015/11/30,3.7,39950,3.77,0,3.62,3.77,81,0,0,0
265,3.8379999999999996,4.5246666666666675,4.395166666666666,3.968,4.1964999999999995,2015/11/27,3.77,39969,3.81,0,3.62,3.7,119,0,0,0
266,3.8900000000000006,4.548500000000001,4.399,3.996,4.2395,2015/11/26,3.83,39951,3.84,0,3.65,3.84,18,0,0,0
267,3.9620000000000006,4.5719166666666675,4.400833333333334,4.034000000000001,4.279999999999999,2015/11/25,3.68,39951,3.76,0,3.53,3.75,123,0,0,0
268,4.044,4.599416666666667,4.4055,4.086,4.329,2015/11/24,3.9,39942,4.01,0,3.72,4.01,104,0,0,0
269,4.086,4.62525,4.4045,4.137,4.371499999999999,2015/11/23,4.01,39938,4.2,0,4.0,4.2,46,0,0,0
270,4.098000000000001,4.649833333333334,4.402166666666667,4.189,4.4075,2015/11/20,4.03,39938,4.1,0,4.02,4.02,50,0,0,0
271,4.102,4.675416666666668,4.393833333333333,4.242,4.445499999999999,2015/11/19,4.19,39934,4.19,0,4.02,4.09,16,0,0,0
272,4.106,4.696166666666668,4.383166666666667,4.279000000000001,4.4755,2015/11/18,4.09,39934,4.09,0,4.09,4.09,8,0,0,0
273,4.128,4.716666666666668,4.375666666666666,4.328,4.5195,2015/11/17,4.11,39934,4.23,0,4.1,4.11,15,0,0,0
274,4.188000000000001,4.738250000000002,4.369,4.377,4.565499999999999,2015/11/16,4.07,39934,4.1,0,4.0,4.0,25,0,0,0
275,4.28,4.760750000000002,4.363333333333332,4.425,4.607,2015/11/13,4.05,39934,4.21,0,4.01,4.2,115,0,0,0
276,4.382,4.783583333333335,4.359999999999999,4.483,4.636,2015/11/12,4.21,39938,4.23,0,4.15,4.21,64,0,0,0
277,4.452,4.8042500000000015,4.3549999999999995,4.526000000000001,4.636,2015/11/11,4.2,39936,4.41,0,4.2,4.41,67,0,0,0
278,4.5280000000000005,4.8250833333333345,4.3503333333333325,4.572,4.64,2015/11/10,4.41,39933,4.6,0,4.4,4.6,34,0,0,0
279,4.566,4.843083333333334,4.342999999999999,4.606,4.6240000000000006,2015/11/09,4.53,39933,4.63,0,4.53,4.63,45,0,0,0
280,4.569999999999999,4.863,4.332666666666666,4.626,4.605,2015/11/06,4.56,39944,4.56,0,4.51,4.51,21,0,0,0
281,4.584,4.8870000000000005,4.323499999999999,4.649000000000001,4.5875,2015/11/05,4.56,39942,4.58,0,4.54,4.58,41,0,0,0
282,4.6,4.9117500000000005,4.315333333333332,4.672,4.57,2015/11/04,4.58,39939,4.62,0,4.5,4.6,55,0,0,0
283,4.6160000000000005,4.937333333333334,4.305666666666665,4.711,4.553,2015/11/03,4.6,39952,4.6,0,4.45,4.55,115,0,0,0
284,4.646,4.962750000000001,4.298333333333332,4.7540000000000004,4.5435,2015/11/02,4.55,39953,4.63,0,4.55,4.56,44,0,0,0
285,4.682,4.989916666666668,4.286666666666665,4.789,4.5395,2015/10/30,4.63,39952,4.67,0,4.51,4.58,46,0,0,0
286,4.714,5.019,4.274499999999999,4.789,4.5280000000000005,2015/10/29,4.64,39950,4.73,0,4.6,4.73,85,0,0,0
287,4.744000000000001,5.048666666666667,4.265666666666666,4.746,4.5205,2015/10/28,4.66,39961,4.78,0,4.63,4.74,127,0,0,0
288,4.806,5.078166666666666,4.258333333333333,4.708,4.496,2015/10/27,4.75,39959,4.77,0,4.62,4.69,113,0,0,0
289,4.862,5.107083333333333,4.248333333333333,4.642,4.4825,2015/10/26,4.73,39980,4.79,0,4.68,4.68,56,0,0,0
290,4.896000000000001,5.1364166666666655,4.2345,4.584,4.464499999999999,2015/10/23,4.79,39978,4.8,0,4.72,4.8,148,0,0,0
291,4.864,5.165666666666666,4.223166666666667,4.526,4.4495,2015/10/22,4.79,39972,4.95,0,4.78,4.95,97,0,0,0
292,4.748,5.194333333333333,4.2056666666666676,4.468,4.4245,2015/10/21,4.97,39971,5.03,0,4.85,5.03,159,0,0,0
293,4.610000000000001,5.222666666666666,4.192000000000001,4.395,4.404,2015/10/20,5.03,39971,5.2,0,4.9,5.0,398,0,0,0
294,4.422,5.252583333333333,4.1816666666666675,4.332999999999999,4.379,2015/10/19,4.9,40026,4.94,0,4.72,4.9,409,0,0,0
295,4.272,5.285083333333333,4.178333333333334,4.29,4.354,2015/10/16,4.63,40060,4.63,0,4.26,4.26,293,0,0,0
296,4.188,5.3198333333333325,4.181500000000001,4.2669999999999995,4.341,2015/10/15,4.21,40047,4.31,0,4.21,4.24,36,0,0,0
297,4.188,5.3575,4.191666666666666,4.295,4.3565000000000005,2015/10/14,4.28,40046,4.28,0,4.05,4.27,119,0,0,0
298,4.18,5.395166666666668,4.203666666666667,4.284,4.3790000000000004,2015/10/13,4.09,40053,4.25,0,4.05,4.05,101,0,0,0
299,4.244,5.434500000000002,4.2171666666666665,4.3229999999999995,4.408500000000001,2015/10/12,4.15,40048,4.17,0,4.15,4.17,21,0,0,0
300,4.308,5.434500000000002,4.229666666666667,4.345,4.426500000000001,2015/10/08,4.21,40048,4.24,0,4.19,4.21,36,0,0,0
301,4.345999999999999,5.434500000000002,4.243666666666667,4.372999999999999,4.437000000000001,2015/10/07,4.21,40037,4.4,0,4.12,4.24,37,0,6,0
302,4.401999999999999,5.434500000000002,4.256166666666667,4.380999999999999,4.448000000000001,2015/10/06,4.24,40023,4.5,0,4.2,4.5,140,0,11,0
303,4.388,5.434500000000002,4.270833333333333,4.413,4.476000000000001,2015/10/05,4.41,40017,4.5,0,4.28,4.47,67,0,11,0
304,4.401999999999999,5.434500000000002,4.281999999999999,4.425000000000001,4.474,2015/10/02,4.47,40017,4.48,0,4.4,4.48,41,0,12,0
305,4.382,5.434500000000002,4.297833333333333,4.418,4.449500000000001,2015/10/01,4.4,40018,4.49,0,4.33,4.49,48,0,12,0
306,4.4,5.434500000000002,4.315666666666667,4.415,4.429500000000001,2015/09/30,4.49,40022,4.49,0,4.17,4.17,75,0,17,0
307,4.36,5.434500000000002,4.332666666666667,4.418,4.402,2015/09/25,4.17,40022,4.48,0,4.04,4.48,45,0,20,0
308,4.438000000000001,5.434500000000002,4.353166666666667,4.474,4.3915,2015/09/24,4.48,40022,4.48,0,4.26,4.34,22,0,29,0
309,4.448,5.434500000000002,4.368499999999999,4.494,4.359500000000001,2015/09/23,4.37,40022,4.49,0,4.35,4.49,28,0,30,0
310,4.454000000000001,5.434500000000002,4.388999999999999,4.508,4.3345,2015/09/22,4.49,40022,4.5,0,4.29,4.29,52,0,32,0
311,4.43,5.434500000000002,4.4075,4.501,4.2865,2015/09/21,4.29,40022,4.5,0,4.29,4.5,169,0,33,0
312,4.476000000000001,5.434500000000002,4.429999999999999,4.515000000000001,4.249499999999999,2015/09/18,4.56,40022,4.75,0,4.53,4.75,64,0,42,0
313,4.510000000000001,5.434500000000002,4.445666666666667,4.539,4.2035,2015/09/17,4.53,40022,4.76,0,4.53,4.58,153,0,46,0
314,4.540000000000001,5.434500000000002,4.462166666666666,4.523000000000001,4.1625,2015/09/16,4.4,40027,4.48,0,4.37,4.38,37,0,52,0
315,4.562,5.434500000000002,4.485666666666666,4.481,4.129,2015/09/15,4.37,40027,4.52,0,4.37,4.4,36,0,57,0
316,4.572,5.434500000000002,4.514499999999999,4.444,4.103,2015/09/14,4.52,40027,4.75,0,4.5,4.53,54,0,57,0
317,4.553999999999999,5.434500000000002,4.532666666666667,4.386,4.0725,2015/09/11,4.73,40027,4.82,0,4.52,4.7,65,0,134,0
318,4.568,5.434500000000002,4.538833333333333,4.308999999999999,4.032,2015/09/10,4.68,40046,4.68,0,4.31,4.31,98,0,145,0
319,4.506,5.434500000000002,4.547499999999999,4.225,3.9964999999999997,2015/09/09,4.51,40046,4.59,0,4.45,4.5,112,0,161,0
320,4.4,5.434500000000002,4.560666666666665,4.161,3.966499999999999,2015/09/08,4.42,40046,4.5,0,4.3,4.3,131,0,176,0
321,4.316000000000001,5.434500000000002,4.575333333333332,4.071999999999999,3.9459999999999993,2015/09/07,4.43,40070,4.52,0,4.36,4.51,279,0,176,0
322,4.218,5.434500000000002,4.5905,3.9839999999999995,3.9279999999999995,2015/09/04,4.8,40070,4.8,0,4.51,4.61,679,0,186,0
323,4.05,5.434500000000002,4.596333333333332,3.868,3.8879999999999995,2015/09/03,4.37,40070,4.37,0,4.01,4.02,391,0,186,0
324,3.944,5.434500000000002,4.616833333333332,3.8020000000000005,3.8775,2015/09/02,3.98,40125,4.0,0,3.85,3.85,87,0,193,0
325,3.9219999999999997,5.434500000000002,4.654166666666666,3.777,3.871,2015/09/01,4.0,40125,4.05,0,3.95,3.95,134,0,202,0
326,3.8280000000000003,5.434500000000002,4.697999999999999,3.7619999999999996,3.8659999999999997,2015/08/31,3.94,40125,4.05,0,3.94,4.05,22,0,202,0
327,3.75,5.434500000000002,4.7429999999999986,3.7589999999999995,3.8745,2015/08/28,3.96,40125,4.06,0,3.9,3.9,180,0,202,0
328,3.686,5.434500000000002,4.793333333333332,3.7550000000000003,3.8874999999999993,2015/08/27,3.84,40125,3.9,0,3.81,3.81,42,0,202,0
329,3.66,5.434500000000002,4.845999999999999,3.768,3.9029999999999996,2015/08/26,3.87,40125,3.88,0,3.48,3.5,137,0,203,0
330,3.632,5.434500000000002,4.897499999999998,3.772,3.9044999999999996,2015/08/25,3.53,40125,3.55,0,3.2,3.2,81,0,215,0
331,3.696,5.434500000000002,4.956999999999998,3.8200000000000003,3.9334999999999996,2015/08/24,3.55,40125,3.58,0,3.29,3.43,185,0,220,0
332,3.768,5.434500000000002,5.0091666666666645,3.872,3.943,2015/08/21,3.64,40125,3.71,0,3.61,3.71,163,0,237,0
333,3.8240000000000003,5.434500000000002,5.057666666666665,3.908,3.9684999999999997,2015/08/20,3.71,40212,3.8,0,3.63,3.63,39,0,274,0
334,3.876,5.434500000000002,5.107499999999998,3.9530000000000003,4.0035,2015/08/19,3.73,40212,4.0,0,3.71,3.91,58,0,274,0
335,3.9120000000000004,5.434500000000002,5.158166666666665,3.9650000000000007,4.052,2015/08/18,3.85,40212,4.03,0,3.85,3.98,31,0,275,0
336,3.944,5.434500000000002,5.207166666666665,3.97,4.1005,2015/08/17,3.91,40212,3.92,0,3.9,3.92,26,0,276,0
337,3.9760000000000004,5.434500000000002,5.253499999999998,3.9900000000000007,4.146,2015/08/14,3.92,40212,3.99,0,3.86,3.86,42,0,286,0
338,3.992,5.434500000000002,5.299833333333331,4.0200000000000005,4.2,2015/08/13,3.97,40212,4.01,0,3.81,4.01,22,0,296,0
339,4.03,5.434500000000002,5.343166666666664,4.037999999999999,4.2465,2015/08/12,3.91,40212,4.02,0,3.9,4.02,52,0,296,0
340,4.018000000000001,5.434500000000002,5.393333333333331,4.037,4.296000000000001,2015/08/11,4.01,40212,4.18,0,4.01,4.17,17,0,296,0
341,3.996000000000001,5.434500000000002,5.450499999999999,4.047,4.348000000000001,2015/08/10,4.07,40212,4.1,0,3.92,4.0,31,0,297,0
342,4.0040000000000004,5.434500000000002,5.508166666666666,4.014,4.3925,2015/08/07,4.0,40212,4.19,0,3.84,3.84,74,0,326,0
343,4.048,5.434500000000002,5.568999999999999,4.029,4.4485,2015/08/06,4.16,40212,4.23,0,3.85,3.85,195,0,340,0
344,4.046000000000001,5.434500000000002,5.627166666666665,4.054,4.4945,2015/08/05,3.85,40212,3.88,0,3.61,3.61,75,0,364,0
345,4.056,5.434500000000002,5.693166666666665,4.138999999999999,4.573,2015/08/04,3.9,40222,4.17,0,3.85,4.1,101,0,380,0
346,4.098000000000001,5.434500000000002,5.763499999999998,4.231,4.6515,2015/08/03,4.11,40222,4.17,0,4.1,4.1,37,0,398,0
347,4.023999999999999,5.434500000000002,5.831666666666664,4.302,4.721500000000001,2015/07/31,4.22,40222,4.27,0,4.07,4.19,86,0,401,0
348,4.01,5.434500000000002,5.897999999999997,4.38,4.780500000000001,2015/07/30,4.15,40222,4.29,0,3.9,3.9,176,0,401,0
349,4.061999999999999,5.434500000000002,5.9658333333333315,4.455,4.843000000000001,2015/07/29,3.9,40222,3.97,0,3.81,3.83,168,0,417,0
350,4.2219999999999995,5.434500000000002,6.038333333333331,4.555,4.928,2015/07/28,4.11,40222,4.11,0,3.74,3.74,299,0,420,0
351,4.364,5.434500000000002,6.108166666666665,4.648999999999999,5.0025,2015/07/27,3.74,40345,4.19,0,3.74,4.19,103,0,450,0
352,4.58,5.434500000000002,6.182999999999998,4.770999999999999,5.097500000000001,2015/07/24,4.15,40345,4.4,0,4.13,4.4,95,0,536,0
353,4.75,5.434500000000002,6.253333333333332,4.867999999999999,5.165000000000001,2015/07/23,4.41,40343,4.66,0,4.4,4.51,95,0,552,0
354,4.848,5.434500000000002,6.323499999999998,4.935,5.2204999999999995,2015/07/22,4.7,40343,4.81,0,4.6,4.81,21,0,563,0
355,4.888,5.434500000000002,6.391833333333333,5.007,5.276000000000001,2015/07/21,4.82,40343,4.84,0,4.62,4.7,39,0,575,0
356,4.934,5.434500000000002,6.458166666666666,5.072,5.340000000000001,2015/07/20,4.82,40343,4.9,0,4.82,4.85,29,0,579,0
357,4.962000000000001,5.434500000000002,6.5233333333333325,5.141,5.3795,2015/07/17,5.0,40343,5.0,0,4.81,4.9,106,0,609,0
358,4.986,5.434500000000002,6.586666666666667,5.180999999999999,5.3845,2015/07/16,4.9,40343,4.95,0,4.82,4.9,91,0,609,0
359,5.022,5.434500000000002,6.651833333333333,5.231,5.3995,2015/07/15,4.9,40343,5.06,0,4.9,5.06,34,0,611,0
360,5.126,5.434500000000002,6.651833333333333,5.301,5.419499999999999,2015/07/14,5.05,40343,5.1,0,4.97,5.03,45,0,624,0
361,5.210000000000001,5.434500000000002,6.651833333333333,5.356,5.4319999999999995,2015/07/13,4.96,40343,5.12,0,4.9,5.12,145,0,624,0
362,5.32,5.434500000000002,6.651833333333333,5.4239999999999995,5.450999999999999,2015/07/09,5.12,40358,5.2,0,4.81,5.0,129,0,649,0
363,5.376,5.434500000000002,6.651833333333333,5.462,5.452499999999999,2015/07/08,5.08,40358,5.29,0,5.05,5.29,74,0,659,0
364,5.44,5.434500000000002,6.651833333333333,5.505999999999999,5.478499999999999,2015/07/07,5.42,40358,5.47,0,5.3,5.47,75,0,694,0
365,5.476000000000001,5.434500000000002,6.651833333333333,5.545,5.518499999999999,2015/07/06,5.47,40358,5.49,0,5.32,5.32,26,0,694,0
366,5.502,5.434500000000002,6.651833333333333,5.607999999999999,5.576499999999999,2015/07/03,5.51,40358,5.55,0,5.38,5.54,7,0,697,0
367,5.5280000000000005,5.434500000000002,6.651833333333333,5.617999999999999,5.632999999999999,2015/07/02,5.4,40358,5.5,0,5.4,5.41,193,0,697,0
368,5.548,5.434500000000002,6.651833333333333,5.587999999999999,5.711999999999999,2015/07/01,5.4,40382,5.7,0,5.39,5.64,162,0,697,0
369,5.572,5.434500000000002,6.651833333333333,5.568,5.792,2015/06/30,5.6,40382,5.76,0,5.6,5.76,19,0,717,0
370,5.613999999999999,5.434500000000002,6.651833333333333,5.537999999999999,5.859999999999999,2015/06/29,5.6,40382,5.65,0,5.4,5.65,50,0,717,0
371,5.7139999999999995,5.434500000000002,6.651833333333333,5.508,5.935,2015/06/26,5.64,40385,5.65,0,5.27,5.5,52,0,717,0
372,5.708,5.434500000000002,6.651833333333333,5.478,5.986999999999999,2015/06/25,5.5,40385,5.65,0,5.1,5.1,77,0,717,0
373,5.628,5.434500000000002,6.651833333333333,5.443,6.0394999999999985,2015/06/24,5.52,40385,5.97,0,5.45,5.92,112,0,717,0
374,5.564,5.434500000000002,6.651833333333333,5.451,6.0985,2015/06/23,5.81,40385,6.0,0,5.8,6.0,155,0,717,0
375,5.462000000000001,5.434500000000002,6.651833333333333,5.492,6.146499999999999,2015/06/22,6.1,40385,6.17,0,5.86,6.1,529,0,717,0
376,5.302,5.434500000000002,6.651833333333333,5.545,6.180999999999999,2015/06/18,5.61,40370,5.61,0,5.2,5.2,315,0,719,0
377,5.248,5.434500000000002,6.651833333333333,5.648000000000001,6.234999999999999,2015/06/17,5.1,40360,5.2,0,5.0,5.0,45,0,720,0
378,5.258000000000001,5.434500000000002,6.651833333333333,5.836,6.3149999999999995,2015/06/16,5.2,40360,5.3,0,5.0,5.3,47,0,720,0
379,5.338,5.434500000000002,6.651833333333333,6.016,6.3835,2015/06/15,5.3,40360,5.32,0,5.25,5.29,42,0,720,0
380,5.522,5.434500000000002,6.651833333333333,6.182,6.464499999999999,2015/06/12,5.3,40360,5.33,0,5.1,5.1,49,0,723,0
381,5.787999999999999,5.434500000000002,6.651833333333333,6.362,6.5715,2015/06/11,5.34,40360,5.4,0,4.8,5.1,315,0,723,0
382,6.048,5.434500000000002,6.651833333333333,6.4959999999999996,6.680999999999999,2015/06/10,5.15,40360,5.48,0,5.11,5.21,128,0,1117,0
383,6.414,5.434500000000002,6.651833333333333,6.636,6.805999999999999,2015/06/09,5.6,40360,5.92,0,5.6,5.92,234,0,1142,0
384,6.694,5.434500000000002,6.651833333333333,6.7459999999999996,6.908499999999999,2015/06/08,6.22,40360,6.63,0,6.15,6.63,85,0,1164,0
385,6.8420000000000005,5.434500000000002,6.651833333333333,6.800999999999999,6.9879999999999995,2015/06/05,6.63,40360,6.64,0,6.5,6.64,31,0,1167,0
386,6.936,5.434500000000002,6.651833333333333,6.816999999999998,7.0625,2015/06/04,6.64,40360,7.05,0,6.64,6.91,53,0,1167,0
387,6.944,5.434500000000002,6.651833333333333,6.821999999999998,7.1404999999999985,2015/06/03,6.98,40360,7.04,0,6.8,7.04,21,0,1200,0
388,6.858,5.434500000000002,6.651833333333333,6.794,7.2014999999999985,2015/06/02,7.0,40360,7.09,0,6.92,6.96,91,0,1201,0
389,6.797999999999999,5.434500000000002,6.651833333333333,6.7509999999999994,7.262499999999998,2015/06/01,6.96,40360,7.3,0,6.91,7.3,101,0,1216,0
390,6.76,5.434500000000002,6.651833333333333,6.747,7.326999999999998,2015/05/29,7.1,40360,7.1,0,6.63,6.68,149,0,1233,0
391,6.697999999999999,5.434500000000002,6.651833333333333,6.781000000000001,7.386999999999999,2015/05/28,6.68,40360,6.7,0,6.46,6.5,54,0,1239,0
392,6.7,5.434500000000002,6.651833333333333,6.866,7.464499999999999,2015/05/27,6.55,40360,6.7,0,6.3,6.7,124,0,1242,0
393,6.7299999999999995,5.434500000000002,6.651833333333333,6.976000000000001,7.555499999999999,2015/05/26,6.7,40360,6.77,0,6.61,6.73,37,0,1244,0
394,6.703999999999999,5.434500000000002,6.651833333333333,7.071000000000001,7.6515,2015/05/25,6.77,40362,6.77,0,6.51,6.56,24,0,1244,0
395,6.734,5.434500000000002,6.651833333333333,7.175000000000002,7.752999999999998,2015/05/22,6.79,40362,6.8,0,6.62,6.69,55,0,1244,0
396,6.864,5.434500000000002,6.651833333333333,7.308,7.8534999999999995,2015/05/21,6.69,40362,6.7,0,6.6,6.6,43,0,1244,0
397,7.032000000000001,5.434500000000002,6.651833333333333,7.459000000000001,7.955499999999999,2015/05/20,6.7,40362,6.76,0,6.6,6.65,40,0,1246,0
398,7.2219999999999995,5.434500000000002,6.651833333333333,7.609000000000002,8.060500000000001,2015/05/19,6.57,40362,7.0,0,6.5,6.51,180,0,1254,0
399,7.438000000000001,5.434500000000002,6.651833333333333,7.774000000000001,8.172500000000001,2015/05/18,6.92,40362,7.37,0,6.92,7.25,306,0,1273,0
400,7.616000000000001,5.434500000000002,6.651833333333333,7.907000000000001,8.172500000000001,2015/05/15,7.44,40362,7.65,0,7.31,7.5,83,0,1371,0
401,7.752,5.434500000000002,6.651833333333333,7.993,8.172500000000001,2015/05/14,7.53,40362,7.78,0,7.51,7.51,62,0,1376,0
402,7.886,5.434500000000002,6.651833333333333,8.062999999999999,8.172500000000001,2015/05/13,7.65,40362,7.7,0,7.4,7.65,67,0,1377,0
403,7.996,5.434500000000002,6.651833333333333,8.135,8.172500000000001,2015/05/12,7.65,40362,7.81,0,7.5,7.81,132,0,1382,0
404,8.110000000000001,5.434500000000002,6.651833333333333,8.232,8.172500000000001,2015/05/11,7.81,40362,8.1,0,7.6,8.1,124,0,1419,0
405,8.198,5.434500000000002,6.651833333333333,8.331,8.172500000000001,2015/05/08,8.12,40362,8.2,0,8.1,8.1,65,0,1463,0
406,8.234,5.434500000000002,6.651833333333333,8.399,8.172500000000001,2015/05/07,8.2,40362,8.2,0,8.15,8.2,51,0,1465,0
407,8.24,5.434500000000002,6.651833333333333,8.452,8.172500000000001,2015/05/06,8.2,40378,8.26,0,8.1,8.2,56,0,1465,0
408,8.274,5.434500000000002,6.651833333333333,8.511999999999999,8.172500000000001,2015/05/05,8.22,40378,8.3,0,8.21,8.25,51,0,1469,0
409,8.354,5.434500000000002,6.651833333333333,8.571,8.172500000000001,2015/05/04,8.25,40378,8.39,0,8.25,8.39,13,0,1469,0
410,8.463999999999999,5.434500000000002,6.651833333333333,8.571,8.172500000000001,2015/04/30,8.3,40378,8.46,0,8.2,8.2,43,0,1473,0
411,8.563999999999998,5.434500000000002,6.651833333333333,8.571,8.172500000000001,2015/04/29,8.23,40378,8.4,0,8.23,8.4,108,0,1476,0
412,8.663999999999998,5.434500000000002,6.651833333333333,8.571,8.172500000000001,2015/04/28,8.37,40378,8.6,0,8.25,8.25,98,0,1478,0
413,8.75,5.434500000000002,6.651833333333333,8.571,8.172500000000001,2015/04/27,8.62,40378,8.78,0,8.49,8.78,159,0,1480,0
414,8.788,5.434500000000002,6.651833333333333,8.571,8.172500000000001,2015/04/24,8.8,40378,8.8,0,8.75,8.75,34,0,1480,0
415,8.788,5.434500000000002,6.651833333333333,8.571,8.172500000000001,2015/04/23,8.8,40378,8.9,0,8.73,8.73,22,0,1483,0
416,8.788,5.434500000000002,6.651833333333333,8.571,8.172500000000001,2015/04/22,8.73,40378,8.9,0,8.72,8.9,14,0,1483,0
417,8.788,5.434500000000002,6.651833333333333,8.571,8.172500000000001,2015/04/21,8.8,40378,8.98,0,8.8,8.98,11,0,1485,0
418,8.788,5.434500000000002,6.651833333333333,8.571,8.172500000000001,2015/04/20,8.81,40378,9.05,0,8.8,9.05,32,0,1485,0
