,avg_five,avg_hundred_twenty,avg_sixty,avg_ten,avg_twenty,date,finial_price,foreign_investment,highest_price,legal_person,lowest_price,opening_price,quantity,self_employed,short_buy,short_sell
0,57.58,49.48916666666667,51.3325,56.39,55.749999999999986,2017/01/06,58.8,18274,59.1,0,58.1,58.9,124,10,1013,0
1,56.839999999999996,49.42000000000001,51.14750000000001,56.06,55.59999999999999,2017/01/05,58.6,18276,59.6,0,58.1,59.3,195,11,1032,0
2,56.11999999999999,49.34458333333335,50.96083333333334,55.79,55.519999999999996,2017/01/04,58.6,18288,58.6,0,56.0,56.0,420,11,1027,0
3,55.4,49.26708333333334,50.77416666666667,55.43000000000001,55.44,2017/01/03,56.0,18256,56.3,0,55.4,55.7,111,11,925,0
4,55.25999999999999,49.211250000000014,50.6525,55.330000000000005,55.44499999999999,2016/12/30,55.9,18245,55.9,0,55.1,55.2,59,11,948,0
5,55.2,49.15458333333334,50.53,55.27,55.44,2016/12/29,55.1,18242,55.3,0,54.9,55.0,36,11,954,0
6,55.28000000000001,49.09875000000001,50.42583333333334,55.27,55.46,2016/12/28,55.0,18237,55.5,0,54.7,54.7,70,11,959,0
7,55.46,49.04500000000001,50.30583333333334,55.25,55.410000000000004,2016/12/27,55.0,18289,55.7,0,54.5,55.7,58,11,985,0
8,55.46,48.99916666666668,50.15250000000001,55.230000000000004,55.294999999999995,2016/12/26,55.3,18291,56.7,0,54.8,56.7,66,11,988,0
9,55.4,48.955833333333345,49.9925,55.15,55.154999999999994,2016/12/23,55.6,18232,55.6,0,55.3,55.5,30,11,988,0
10,55.339999999999996,48.896666666666675,49.837500000000006,55.11,54.910000000000004,2016/12/22,55.5,18232,55.9,0,55.0,55.7,75,11,985,0
11,55.260000000000005,48.83708333333335,49.679166666666674,55.14000000000001,54.64999999999999,2016/12/21,55.9,18230,56.0,0,55.0,55.0,71,13,1010,0
12,55.04,48.77958333333334,49.52416666666667,55.250000000000014,54.36,2016/12/20,55.0,18231,55.0,0,54.5,54.6,31,13,1013,0
13,55.0,48.729583333333345,49.39083333333334,55.45000000000001,54.11999999999999,2016/12/19,55.0,18229,55.0,0,54.5,54.8,38,12,1013,0
14,54.9,48.66791666666668,49.25500000000001,55.56,53.90999999999999,2016/12/16,55.3,18229,55.7,0,55.2,55.2,85,12,1018,0
15,54.879999999999995,48.608750000000015,49.097500000000004,55.61,53.59499999999999,2016/12/15,55.1,18221,55.3,0,54.5,54.7,76,12,1025,0
16,55.019999999999996,48.55458333333335,48.95083333333334,55.65,53.239999999999995,2016/12/14,54.8,18208,54.8,0,53.6,54.5,121,12,1040,0
17,55.46,48.516250000000014,48.790833333333346,55.57000000000001,52.9,2016/12/13,54.8,18206,54.9,0,54.4,54.6,43,12,1042,0
18,55.9,48.47708333333335,48.64416666666668,55.36,52.56,2016/12/12,54.5,18200,55.0,0,53.9,54.6,171,12,1034,0
19,56.220000000000006,48.44458333333335,48.50250000000001,55.160000000000004,52.225,2016/12/09,55.2,18188,56.5,0,54.3,55.8,227,10,1055,0
20,56.339999999999996,48.394166666666685,48.34583333333333,54.71,51.8,2016/12/08,55.8,18187,57.6,0,55.5,57.6,203,9,1045,1
21,56.279999999999994,48.334166666666675,48.190833333333345,54.160000000000004,51.325,2016/12/07,57.0,18167,57.5,0,56.5,57.0,189,9,1054,0
22,55.67999999999999,48.26750000000001,48.01583333333335,53.470000000000006,50.7875,2016/12/06,57.0,18167,57.6,0,56.1,56.1,405,9,1023,0
23,54.81999999999999,48.19958333333334,47.83250000000001,52.79,50.272499999999994,2016/12/05,56.1,18167,56.5,0,55.2,55.8,232,7,979,0
24,54.1,48.143750000000004,47.662500000000016,52.260000000000005,49.7825,2016/12/02,55.8,18167,55.9,0,54.5,55.1,190,7,955,0
25,53.08,48.09416666666667,47.488333333333344,51.580000000000005,49.295,2016/12/01,55.5,18168,56.8,0,55.0,56.0,600,7,946,0
26,52.04,48.044166666666676,47.31833333333335,50.83,48.82,2016/11/30,54.0,18191,54.8,0,52.2,52.7,348,5,951,0
27,51.260000000000005,48.01250000000001,47.176666666666684,50.230000000000004,48.42,2016/11/29,52.7,18191,54.0,0,52.4,52.5,294,5,939,0
28,50.760000000000005,47.99916666666668,47.05333333333335,49.760000000000005,48.0875,2016/11/28,52.5,18197,52.7,0,50.9,50.9,322,5,933,0
29,50.42,47.98500000000001,46.94666666666668,49.290000000000006,47.7725,2016/11/25,50.7,18204,50.8,0,50.3,50.7,56,5,894,0
30,50.080000000000005,47.99083333333335,46.85500000000001,48.89,47.5625,2016/11/24,50.3,18203,50.8,0,49.8,50.0,66,5,865,0
31,49.620000000000005,48.00833333333334,46.77250000000001,48.49,47.37,2016/11/23,50.1,18203,50.5,0,50.0,50.4,98,5,836,0
32,49.2,48.03500000000001,46.69916666666668,48.105000000000004,47.19,2016/11/22,50.2,18203,50.8,0,49.75,50.6,93,5,839,0
33,48.760000000000005,48.04250000000001,46.61416666666667,47.755,47.019999999999996,2016/11/21,50.8,18204,51.3,0,49.0,49.0,398,5,839,0
34,48.160000000000004,48.006666666666675,46.51916666666667,47.305,46.83,2016/11/18,49.0,18179,49.2,0,47.9,48.0,122,5,792,0
35,47.7,47.98583333333334,46.43916666666667,47.010000000000005,46.71999999999999,2016/11/17,48.0,18162,48.0,0,47.1,48.0,58,5,772,0
36,47.36,47.97375000000001,46.435833333333335,46.81,46.65999999999999,2016/11/16,48.0,18162,48.0,0,47.7,48.0,17,4,782,0
37,47.010000000000005,47.957083333333344,46.432500000000005,46.61,46.60999999999999,2016/11/15,48.0,18162,48.4,0,47.7,48.4,55,3,778,0
38,46.75,47.94958333333334,46.432500000000005,46.415000000000006,46.55999999999999,2016/11/14,47.8,18173,48.6,0,46.8,47.0,97,3,774,0
39,46.45,47.93791666666667,46.4425,46.255,46.49999999999999,2016/11/11,46.7,18172,47.3,0,46.7,47.3,62,2,763,0
40,46.32000000000001,47.92875000000001,46.470000000000006,46.235,46.44749999999999,2016/11/10,46.3,18178,46.5,0,46.15,46.3,48,2,767,1
41,46.260000000000005,47.93625000000001,46.51166666666667,46.25,46.5175,2016/11/09,46.25,18178,47.0,0,45.0,46.4,50,2,754,1
42,46.21,47.944166666666675,46.54083333333334,46.275,46.574999999999996,2016/11/08,46.7,18180,47.2,0,46.5,46.5,32,9,765,2
43,46.080000000000005,47.940833333333345,46.56250000000001,46.285000000000004,46.61,2016/11/07,46.3,18181,46.55,0,46.05,46.55,10,9,765,2
44,46.06,47.93833333333335,46.612500000000004,46.355000000000004,46.73,2016/11/04,46.05,18181,46.05,0,45.5,45.55,14,7,772,2
45,46.15,47.94458333333334,46.66833333333334,46.43,46.855,2016/11/03,46.0,18179,46.15,0,45.55,45.55,24,7,776,2
46,46.239999999999995,47.95541666666668,46.72333333333334,46.510000000000005,46.997499999999995,2016/11/02,46.0,18179,46.85,0,45.85,46.05,24,6,788,2
47,46.339999999999996,47.976250000000014,46.77833333333334,46.61,47.08749999999999,2016/11/01,46.05,18179,46.2,0,46.05,46.2,8,1,792,2
48,46.489999999999995,47.981666666666676,46.83583333333334,46.705,47.074999999999996,2016/10/31,46.2,18179,47.8,0,46.2,47.8,19,1,793,2
49,46.65,47.98000000000001,46.89250000000001,46.745000000000005,47.05,2016/10/28,46.5,18181,46.5,0,46.5,46.5,4,1,801,2
50,46.71,47.97500000000001,46.94250000000001,46.660000000000004,47.04,2016/10/27,46.45,18178,46.6,0,46.45,46.6,4,1,802,2
51,46.779999999999994,47.96958333333335,47.00166666666668,46.785000000000004,47.0175,2016/10/26,46.5,18178,46.75,0,46.5,46.75,22,1,800,2
52,46.879999999999995,47.96375000000001,47.05000000000002,46.875,47.022499999999994,2016/10/25,46.8,18176,47.35,0,46.8,47.35,12,1,806,2
53,46.92,47.96541666666668,47.11500000000001,46.935,47.0325,2016/10/24,47.0,18179,47.1,0,46.7,46.8,15,1,811,3
54,46.839999999999996,47.96375000000001,47.180000000000014,47.105000000000004,47.025,2016/10/21,46.8,18179,47.1,0,46.45,46.5,14,1,811,3
55,46.61,47.96375000000001,47.25833333333334,47.28,46.977500000000006,2016/10/20,46.8,18179,47.4,0,46.8,47.0,9,2,807,3
56,46.79,47.961250000000014,47.34,47.485,46.9525,2016/10/19,47.0,18224,47.2,0,46.65,47.0,60,3,810,3
57,46.87,47.952916666666674,47.42666666666666,47.565000000000005,46.862500000000004,2016/10/18,47.0,18222,47.1,0,46.5,47.1,9,5,806,3
58,46.95,47.93791666666667,47.48833333333333,47.44500000000001,46.81250000000001,2016/10/17,46.6,18222,46.7,0,45.3,45.3,29,5,811,3
59,47.37,47.93791666666667,47.55666666666666,47.355000000000004,46.782500000000006,2016/10/14,45.65,18222,48.1,0,45.65,48.0,46,5,822,2
60,47.95,47.94666666666668,47.64583333333333,47.42,46.790000000000006,2016/10/13,47.7,18199,47.7,0,46.6,47.2,21,3,849,2
61,48.18000000000001,47.949583333333344,47.69249999999999,47.25000000000001,46.730000000000004,2016/10/12,47.4,18198,48.1,0,47.1,47.1,31,3,850,0
62,48.260000000000005,47.955833333333345,47.728333333333325,47.17,46.68500000000001,2016/10/11,47.4,18163,48.95,0,46.95,48.95,49,3,872,0
63,47.94,47.96583333333334,47.75999999999999,47.13000000000001,46.615,2016/10/07,48.7,18164,48.85,0,48.0,48.2,38,3,893,0
64,47.339999999999996,47.97166666666668,47.76999999999999,46.94500000000001,46.47500000000001,2016/10/06,48.55,18169,49.5,0,48.2,48.85,46,4,883,0
65,46.89,47.972083333333345,47.77916666666666,46.675,46.315000000000005,2016/10/05,48.85,18174,49.8,0,46.8,47.65,207,4,890,0
66,46.32000000000001,47.96541666666668,47.771666666666654,46.42,46.1375,2016/10/04,47.8,18175,47.9,0,45.8,46.0,136,4,815,0
67,46.08,47.979583333333345,47.78416666666666,46.16,46.0225,2016/10/03,45.8,18175,46.0,0,45.8,46.0,8,4,761,0
68,46.32000000000001,48.01375000000001,47.845833333333324,46.17999999999999,45.9975,2016/09/30,45.7,18176,47.0,0,45.7,46.45,31,4,760,0
69,46.55,48.053750000000015,47.919166666666655,46.209999999999994,46.0175,2016/09/29,46.3,18178,46.3,0,46.0,46.0,11,7,763,0
70,46.459999999999994,48.09125000000002,47.955833333333324,46.16,45.9625,2016/09/26,46.0,18182,46.4,0,45.7,46.4,13,7,762,0
71,46.519999999999996,48.12875000000001,47.99499999999999,46.209999999999994,45.93,2016/09/23,46.6,18180,46.8,0,46.4,46.45,46,7,764,0
72,46.239999999999995,48.17125000000001,48.03499999999999,46.2,45.885000000000005,2016/09/22,47.0,18186,47.0,0,47.0,47.0,5,7,782,0
73,46.04,48.20875000000001,48.06833333333332,46.1,45.790000000000006,2016/09/21,46.85,18186,46.85,0,46.0,46.0,19,7,783,0
74,45.87,48.240000000000016,48.080833333333324,46.005,45.7025,2016/09/20,45.85,18172,46.5,0,45.85,46.0,17,7,785,0
75,45.86,48.29041666666669,48.11999999999999,45.955,45.620000000000005,2016/09/19,46.3,18172,46.5,0,46.25,46.5,14,7,793,0
76,45.9,48.33875000000001,48.158333333333324,45.855000000000004,45.69500000000001,2016/09/14,45.2,18176,46.6,0,44.8,45.5,19,1,796,0
77,46.160000000000004,48.40125000000001,48.24166666666666,45.885000000000005,45.825,2016/09/13,46.0,18176,46.4,0,46.0,46.4,7,1,797,0
78,46.160000000000004,48.45958333333335,48.30999999999999,45.815000000000005,45.925,2016/09/12,46.0,18177,46.5,0,45.8,46.0,12,1,799,0
79,46.14,48.52208333333335,48.386666666666656,45.825,46.045,2016/09/10,45.8,18177,46.5,0,45.65,46.5,7,1,802,0
80,46.05,48.58708333333335,48.44249999999999,45.765,46.1725,2016/09/09,46.5,18177,47.1,0,46.1,46.6,22,4,801,0
81,45.81,48.63875000000001,48.47749999999999,45.65,46.28750000000001,2016/09/08,46.5,18179,47.0,0,46.0,46.4,54,4,805,0
82,45.61,48.69125000000001,48.51916666666666,45.57000000000001,46.362500000000004,2016/09/07,46.0,18183,46.0,0,44.8,45.8,19,4,835,0
83,45.47,48.75791666666668,48.56666666666665,45.480000000000004,46.462500000000006,2016/09/06,45.9,18183,45.95,0,45.5,45.5,20,0,836,0
84,45.51,48.80958333333334,48.624999999999986,45.4,46.63250000000001,2016/09/05,45.35,18181,45.5,0,45.35,45.5,2,0,836,0
85,45.48,48.881666666666675,48.69999999999998,45.285000000000004,46.835,2016/09/02,45.3,18181,45.65,0,45.1,45.5,36,0,836,0
86,45.489999999999995,48.95416666666667,48.76999999999999,45.535000000000004,47.035000000000004,2016/09/01,45.5,18181,45.5,0,45.0,45.0,13,0,845,1
87,45.53000000000001,49.02333333333334,48.84833333333333,45.765,47.22500000000001,2016/08/31,45.3,18181,45.3,0,45.05,45.15,17,0,848,1
88,45.489999999999995,49.09250000000001,48.944999999999986,46.035000000000004,47.435,2016/08/30,46.1,18180,46.1,0,45.0,45.1,18,0,846,1
89,45.29,49.15916666666668,49.023333333333326,46.265,47.61,2016/08/29,45.2,18178,45.6,0,45.2,45.6,39,0,854,1
90,45.089999999999996,49.24083333333335,49.12666666666666,46.58,47.825,2016/08/26,45.35,18179,45.4,0,45.3,45.3,14,0,861,1
91,45.58,49.29958333333334,49.24416666666666,46.925,48.057500000000005,2016/08/25,45.7,18178,45.7,0,45.3,45.3,30,0,862,1
92,46.0,49.353750000000005,49.37083333333332,47.155,48.2425,2016/08/24,45.1,18170,45.5,0,45.1,45.2,21,2,865,1
93,46.58,49.41875,49.470833333333324,47.44500000000001,48.5225,2016/08/23,45.1,18172,45.75,0,44.6,44.6,45,2,876,1
94,47.239999999999995,49.48125,49.49416666666666,47.865,48.8125,2016/08/22,44.2,18171,47.5,0,44.0,47.5,198,2,877,0
95,48.07,49.54541666666667,49.5325,48.385000000000005,49.177499999999995,2016/08/19,47.8,18169,48.0,0,47.6,47.9,18,2,854,0
96,48.269999999999996,49.58125,49.51166666666666,48.535000000000004,49.3725,2016/08/18,47.8,18181,48.0,0,47.8,48.0,5,2,852,0
97,48.31,49.62125,49.48166666666666,48.685,49.59250000000001,2016/08/17,48.0,18181,48.3,0,47.65,48.3,26,2,852,0
98,48.31,49.66291666666667,49.46666666666666,48.835,49.727500000000006,2016/08/16,48.4,18175,48.5,0,48.1,48.3,8,3,853,0
99,48.49,49.69708333333334,49.43333333333332,48.955000000000005,49.842500000000015,2016/08/15,48.35,18175,48.4,0,48.3,48.3,4,3,853,0
100,48.7,49.73833333333334,49.387499999999996,49.07000000000001,49.97500000000001,2016/08/12,48.8,18175,48.9,0,47.5,47.5,16,3,852,0
101,48.800000000000004,49.780833333333334,49.360833333333325,49.190000000000005,50.06000000000002,2016/08/11,48.0,18169,48.5,0,47.6,48.5,20,4,858,0
102,49.059999999999995,49.8225,49.34749999999999,49.33,50.13750000000001,2016/08/10,48.0,18171,49.0,0,48.0,49.0,43,4,861,0
103,49.36,49.86833333333333,49.31916666666666,49.60000000000001,50.20250000000001,2016/08/09,49.3,18171,49.7,0,49.0,49.7,22,4,865,0
104,49.42,49.90333333333333,49.26416666666666,49.760000000000005,50.20250000000001,2016/08/08,49.4,18171,49.8,0,49.0,49.0,17,3,859,0
105,49.44,49.945,49.220833333333324,49.970000000000006,50.187500000000014,2016/08/05,49.3,18171,50.3,0,49.3,50.3,17,3,854,0
106,49.58,49.985833333333325,49.18749999999999,50.21000000000001,50.142500000000005,2016/08/04,49.3,18171,49.3,0,49.15,49.2,13,3,850,0
107,49.6,50.029999999999994,49.17416666666666,50.50000000000001,50.105000000000004,2016/08/03,49.5,18171,49.6,0,49.5,49.6,4,5,846,0
108,49.84,50.063333333333325,49.12749999999998,50.620000000000005,50.105000000000004,2016/08/02,49.6,18171,49.6,0,49.25,49.5,7,5,846,0
109,50.10000000000001,50.08333333333333,49.06749999999999,50.730000000000004,50.13000000000001,2016/08/01,49.5,18171,50.5,0,49.2,50.5,21,5,845,0
110,50.50000000000001,50.10083333333333,49.007499999999986,50.88,50.080000000000005,2016/07/29,50.0,18171,50.0,0,49.0,49.4,9,5,849,0
111,50.84,50.11583333333333,48.93749999999999,50.93,49.99750000000001,2016/07/28,49.4,18170,50.5,0,48.85,49.1,46,5,847,0
112,51.4,50.135,48.87749999999999,50.945,49.977500000000006,2016/07/27,50.7,18167,51.5,0,50.5,51.5,56,4,840,0
113,51.4,50.1525,48.81583333333333,50.80499999999999,49.892500000000005,2016/07/26,50.9,18167,51.5,0,50.6,51.5,25,4,838,0
114,51.36,50.150000000000006,48.747499999999995,50.644999999999996,49.727500000000006,2016/07/25,51.5,18167,51.5,0,50.7,51.1,32,4,837,0
115,51.260000000000005,50.14333333333334,48.66916666666667,50.404999999999994,49.562500000000014,2016/07/22,51.7,18167,52.0,0,51.7,51.8,34,4,834,0
116,51.02,50.13833333333334,48.5825,50.074999999999996,49.40750000000001,2016/07/21,52.2,18177,52.9,0,50.6,51.3,156,4,841,0
117,50.489999999999995,50.14916666666668,48.47916666666667,49.709999999999994,49.30750000000001,2016/07/20,50.7,18177,50.9,0,50.5,50.8,15,1,858,1
118,50.21,50.172500000000014,48.38750000000001,49.589999999999996,49.27750000000001,2016/07/19,50.7,18177,51.3,0,50.3,51.3,56,0,860,1
119,49.92999999999999,50.18250000000001,48.319166666666675,49.53,49.27250000000001,2016/07/18,51.0,18192,51.2,0,50.5,51.0,42,0,874,1
120,49.55,50.18416666666668,48.24750000000001,49.28,49.18000000000001,2016/07/15,50.5,18192,51.0,0,50.0,50.0,57,0,860,1
121,49.13,50.195000000000014,48.20666666666668,49.065000000000005,49.08500000000001,2016/07/14,49.55,18190,50.5,0,49.3,49.3,33,0,859,1
122,48.93,50.20958333333335,48.183333333333344,49.010000000000005,49.05750000000001,2016/07/13,49.3,18183,49.9,0,49.1,49.5,84,0,866,1
123,48.97,50.24625000000002,48.171666666666674,48.980000000000004,49.03500000000001,2016/07/12,49.3,18185,50.1,0,49.1,49.1,27,0,868,1
124,49.129999999999995,50.28291666666668,48.17333333333334,48.81,49.040000000000006,2016/07/11,49.1,18182,49.8,0,49.0,49.0,14,0,870,1
125,49.01,50.31541666666668,48.165000000000006,48.72,49.07750000000001,2016/07/07,48.4,18182,49.4,0,48.4,48.7,30,0,880,1
126,49.0,50.37625000000001,48.15916666666668,48.74,49.13250000000001,2016/07/06,48.55,18180,49.5,0,48.3,49.5,33,0,884,1
127,49.089999999999996,50.44666666666668,48.175000000000004,48.905,49.21500000000001,2016/07/05,49.5,18179,50.0,0,49.15,49.15,49,0,900,1
128,48.989999999999995,50.525833333333345,48.18166666666668,48.965,49.29500000000001,2016/07/04,50.1,18179,52.7,0,49.3,49.3,155,0,895,1
129,48.489999999999995,50.60166666666668,48.18833333333335,49.015,49.330000000000005,2016/07/01,48.5,18191,48.6,0,48.5,48.5,27,0,872,1
130,48.42999999999999,50.69083333333335,48.226666666666674,49.08,49.47500000000001,2016/06/30,48.35,18191,48.8,0,48.15,48.8,26,0,870,1
131,48.48,50.78791666666668,48.26250000000001,49.105000000000004,49.67750000000001,2016/06/29,49.0,18188,49.1,0,49.0,49.1,16,0,872,1
132,48.720000000000006,50.887083333333344,48.30750000000001,49.105000000000004,49.892500000000005,2016/06/28,49.0,18189,49.0,0,47.6,47.6,34,0,874,1
133,48.94,50.99875000000001,48.349166666666676,49.09,49.99750000000001,2016/06/27,47.6,18185,48.25,0,46.5,46.5,43,0,878,0
134,49.54,51.10791666666668,48.39916666666668,49.27,49.94250000000001,2016/06/24,48.2,18179,48.95,0,48.0,48.6,67,0,880,0
135,49.730000000000004,51.23125000000002,48.46083333333334,49.435,49.8575,2016/06/23,48.6,18183,50.2,0,48.45,50.2,74,2,892,0
136,49.730000000000004,51.35541666666668,48.51916666666668,49.525,49.755,2016/06/22,50.2,18183,50.8,0,49.75,49.75,28,2,889,0
137,49.489999999999995,51.472916666666684,48.56083333333334,49.525,49.545,2016/06/21,50.1,18183,51.1,0,50.0,50.8,63,2,890,0
138,49.239999999999995,51.59125000000002,48.609166666666674,49.625,49.394999999999996,2016/06/20,50.6,18182,50.6,0,49.6,49.6,46,2,918,0
139,49.0,51.66958333333335,48.657500000000006,49.644999999999996,49.184999999999995,2016/06/17,49.15,18178,49.15,0,48.9,48.9,10,0,913,0
140,49.14,51.753333333333345,48.731666666666676,49.87,49.0075,2016/06/16,48.6,18178,49.2,0,48.5,49.05,30,0,913,0
141,49.32,51.84416666666668,48.800000000000004,50.25,48.9375,2016/06/15,49.0,18187,49.3,0,48.65,48.65,30,0,918,0
142,49.56,51.90416666666668,48.863333333333344,50.67999999999999,48.8475,2016/06/14,48.85,18182,49.2,0,48.8,49.2,21,0,918,0
143,50.010000000000005,51.97458333333335,48.94916666666667,50.905,48.72,2016/06/13,49.4,18182,49.6,0,48.6,49.6,32,0,917,0
144,50.290000000000006,52.05541666666668,48.994166666666665,50.614999999999995,48.55,2016/06/08,49.85,18182,50.5,0,49.85,50.0,18,0,925,0
145,50.60000000000001,52.12333333333335,49.06333333333334,50.279999999999994,48.397499999999994,2016/06/07,49.5,18182,50.3,0,49.5,50.2,22,0,927,0
146,51.18,52.23000000000001,49.138333333333335,49.985,48.2875,2016/06/06,50.2,18187,51.0,0,49.5,50.9,29,0,935,0
147,51.79999999999999,52.34083333333335,49.19833333333334,49.565,48.2025,2016/06/04,51.1,18193,51.2,0,50.5,50.8,26,0,930,0
148,51.79999999999999,52.452500000000015,49.24,49.165,47.9825,2016/06/03,50.8,18193,52.5,0,50.8,51.7,58,0,931,0
149,50.94,52.56583333333335,49.295,48.724999999999994,47.74249999999999,2016/06/02,51.4,18193,52.2,0,50.8,52.2,52,0,940,0
150,49.959999999999994,52.684166666666684,49.355000000000004,48.144999999999996,47.467499999999994,2016/06/01,52.4,18198,53.9,0,51.3,53.9,124,0,926,0
151,48.79,52.816666666666684,49.355000000000004,47.625,47.137499999999996,2016/05/31,53.3,18207,54.7,0,52.0,53.1,289,0,941,1
152,47.33,52.94333333333335,49.33666666666667,47.015,46.762499999999996,2016/05/30,51.1,18209,51.1,0,47.5,48.5,204,0,891,2
153,46.53,53.070833333333354,49.366666666666674,46.535000000000004,46.55749999999999,2016/05/27,46.5,18201,46.5,0,46.5,46.5,10,0,884,0
154,46.510000000000005,53.258333333333354,49.46833333333334,46.485,46.57249999999999,2016/05/26,46.5,18201,46.55,0,46.3,46.55,47,0,884,0
155,46.33,53.41000000000002,49.558333333333344,46.515,46.58749999999999,2016/05/25,46.55,18200,47.1,0,46.4,46.45,20,0,880,0
156,46.46,53.53375000000002,49.65083333333334,46.59,46.584999999999994,2016/05/24,46.0,18199,46.6,0,46.0,46.55,42,0,881,0
157,46.7,53.65958333333335,49.76083333333334,46.84,46.584999999999994,2016/05/23,47.1,18199,48.75,0,46.45,47.0,61,0,877,0
158,46.54,53.78958333333335,49.85916666666667,46.8,46.489999999999995,2016/05/20,46.4,18197,47.0,0,45.0,47.0,25,0,890,0
159,46.459999999999994,53.90458333333335,49.96083333333333,46.760000000000005,46.49999999999999,2016/05/19,45.6,18197,47.0,0,45.6,47.0,16,0,891,0
160,46.7,53.98125000000002,50.08916666666667,46.79,46.55499999999999,2016/05/18,47.2,18197,48.9,0,47.2,48.9,36,1,896,0
161,46.720000000000006,54.03791666666668,50.20083333333334,46.65,46.5975,2016/05/17,47.2,18173,47.45,0,46.3,46.3,14,1,899,0
162,46.98,54.08875000000002,50.297500000000014,46.51,46.644999999999996,2016/05/16,46.3,18172,46.4,0,45.5,46.4,17,1,903,0
163,47.06,54.146250000000016,50.41750000000001,46.58,46.76,2016/05/13,46.0,18170,47.0,0,44.4,47.0,30,1,902,0
164,47.06,54.20708333333335,50.54250000000001,46.66,46.92999999999999,2016/05/12,46.8,18167,47.3,0,46.8,47.0,8,1,919,0
165,46.88,54.26708333333335,50.669166666666676,46.66,47.019999999999996,2016/05/11,47.3,18167,47.55,0,47.3,47.55,11,1,922,0
166,46.58,54.32708333333335,50.78416666666667,46.58,47.05749999999999,2016/05/10,48.5,18167,49.9,0,46.7,46.7,39,1,926,0
167,46.040000000000006,54.38458333333335,50.88583333333334,46.33,47.107499999999995,2016/05/09,46.7,18163,46.8,0,46.0,46.5,19,1,929,0
168,46.1,54.44625000000001,50.999166666666675,46.17999999999999,47.2675,2016/05/06,46.0,18160,46.0,0,45.9,45.9,3,1,925,0
169,46.26,54.51541666666669,51.09916666666667,46.239999999999995,47.49249999999999,2016/05/05,45.9,18159,45.9,0,45.8,45.8,8,1,925,0
170,46.44,54.58291666666669,51.19416666666667,46.32,47.7375,2016/05/04,45.8,18159,46.2,0,45.8,46.0,12,1,929,0
171,46.580000000000005,54.649583333333354,51.29416666666667,46.545,47.9725,2016/05/03,45.8,18158,46.0,0,45.0,45.3,32,1,930,0
172,46.620000000000005,54.71458333333335,51.3925,46.78,48.2675,2016/04/29,47.0,18158,47.1,0,46.8,46.8,14,1,942,0
173,46.260000000000005,54.76708333333335,51.48916666666666,46.94,48.4925,2016/04/28,46.8,18157,46.8,0,46.8,46.8,3,1,939,0
174,46.21999999999999,54.82541666666669,51.552499999999995,47.2,48.682500000000005,2016/04/27,46.8,18157,47.0,0,46.8,47.0,6,1,940,0
175,46.2,54.88541666666668,51.617499999999986,47.379999999999995,48.93750000000001,2016/04/26,46.5,18157,47.0,0,46.0,46.0,10,1,940,0
176,46.510000000000005,54.94291666666668,51.69416666666665,47.535,49.21750000000001,2016/04/25,46.0,18157,46.0,0,45.2,45.35,22,1,942,0
177,46.94,55.01041666666668,51.81916666666665,47.885,49.55250000000001,2016/04/22,45.2,18157,46.7,0,45.15,46.5,67,1,945,0
178,47.61999999999999,55.087083333333354,51.95749999999999,48.355,49.94250000000001,2016/04/21,46.6,18157,47.0,0,46.2,46.2,26,1,951,0
179,48.17999999999999,55.15041666666669,52.04583333333333,48.74499999999999,50.28750000000001,2016/04/20,46.7,18151,48.1,0,46.35,48.05,74,1,952,0
180,48.559999999999995,55.213750000000026,52.12083333333332,49.154999999999994,50.63250000000001,2016/04/19,48.05,18151,48.2,0,48.05,48.15,24,1,974,0
181,48.559999999999995,55.270000000000024,52.18333333333332,49.4,50.86500000000001,2016/04/18,48.15,18150,48.6,0,48.1,48.6,13,1,974,0
182,48.83,55.31458333333335,52.235833333333325,49.755,51.097500000000004,2016/04/15,48.6,18150,49.0,0,48.6,49.0,10,1,977,0
183,49.089999999999996,55.31541666666669,52.320833333333326,50.045,51.36750000000001,2016/04/14,49.4,18150,49.45,0,48.9,49.45,14,1,977,0
184,49.309999999999995,55.308750000000025,52.39249999999999,50.165,51.50250000000001,2016/04/13,48.6,18149,49.0,0,48.05,48.05,45,1,973,0
185,49.75,55.307916666666685,52.46583333333332,50.495,51.7725,2016/04/12,48.05,18139,49.85,0,48.0,49.5,57,1,999,0
186,50.239999999999995,55.312083333333355,52.59333333333333,50.9,52.07000000000001,2016/04/11,49.5,18139,50.0,0,49.5,49.8,20,1,999,0
187,50.67999999999999,55.30375000000002,52.71833333333333,51.21999999999999,52.285000000000004,2016/04/08,49.9,18132,49.95,0,49.25,49.25,36,1,1003,2
188,51.0,55.297083333333354,52.86999999999999,51.529999999999994,52.470000000000006,2016/04/07,50.5,18131,50.6,0,50.5,50.6,11,1,1008,0
189,51.019999999999996,55.28708333333336,53.014999999999986,51.83,52.65000000000001,2016/04/06,50.8,18131,50.8,0,50.3,50.5,26,1,1021,0
190,51.239999999999995,55.27291666666669,53.154999999999994,52.11,52.860000000000014,2016/04/01,50.5,18126,52.0,0,50.4,52.0,30,1,1013,0
191,51.56,55.26375000000002,53.313333333333325,52.33,52.955000000000005,2016/03/31,51.7,18123,52.3,0,51.5,51.8,24,1,1011,0
192,51.760000000000005,55.24791666666669,53.46666666666666,52.44,52.980000000000004,2016/03/30,51.5,18122,51.9,0,50.9,51.4,22,1,1014,0
193,52.06,55.233333333333356,53.64833333333332,52.69,53.05000000000001,2016/03/29,50.6,18119,52.0,0,50.5,51.9,42,1,1016,0
194,52.64,55.22833333333335,53.816666666666656,52.839999999999996,53.15000000000001,2016/03/28,51.9,18120,52.4,0,51.8,52.1,26,1,1018,0
195,52.980000000000004,55.20875000000002,54.00166666666666,53.05,53.15000000000001,2016/03/25,52.1,18122,52.1,0,51.9,51.9,16,1,1053,0
196,53.1,55.18458333333335,54.191666666666656,53.239999999999995,53.15000000000001,2016/03/24,52.7,18122,52.7,0,52.3,52.5,19,1,1057,0
197,53.120000000000005,55.15791666666669,54.38499999999999,53.35,53.145,2016/03/23,53.0,18123,53.5,0,52.5,53.0,18,1,1061,0
198,53.32000000000001,55.12875000000002,54.57333333333333,53.410000000000004,53.145,2016/03/22,53.5,18124,53.6,0,52.8,53.6,24,1,1062,0
199,53.04,55.091250000000024,54.68166666666666,53.470000000000006,53.095000000000006,2016/03/21,53.6,18129,53.8,0,52.7,52.7,16,1,1054,0
200,53.120000000000005,55.064583333333346,54.77499999999999,53.610000000000014,53.080000000000005,2016/03/18,52.7,18126,53.3,0,52.5,52.5,28,1,1052,0
201,53.379999999999995,55.04375000000002,54.88833333333333,53.58,53.14,2016/03/17,52.8,18125,54.0,0,52.8,54.0,38,1,1041,0
202,53.58,55.018333333333345,54.945,53.52,53.15,2016/03/16,54.0,18131,54.0,0,53.0,53.0,25,1,1048,0
203,53.5,54.978333333333346,54.99999999999999,53.41000000000001,53.125,2016/03/15,52.1,18126,54.7,0,52.1,54.0,63,1,1047,0
204,53.9,54.960416666666674,55.11666666666666,53.460000000000015,53.19500000000001,2016/03/14,54.0,18134,54.6,0,54.0,54.6,56,1,1054,0
205,54.1,54.92708333333334,55.18333333333332,53.25,53.21500000000001,2016/03/11,54.0,18134,54.4,0,53.7,53.8,31,1,1057,0
206,53.779999999999994,54.897083333333335,55.321666666666665,53.06000000000002,53.225,2016/03/10,53.8,18136,54.9,0,53.6,53.6,41,1,1057,0
207,53.459999999999994,54.86375,55.48333333333333,52.94000000000001,53.26500000000001,2016/03/09,53.6,18130,54.5,0,53.5,54.1,37,1,1054,0
208,53.32000000000001,54.82541666666667,55.66499999999999,52.88000000000001,53.260000000000005,2016/03/08,54.1,18133,55.0,0,53.4,55.0,56,1,1059,0
209,53.02,54.778749999999995,55.836666666666666,52.720000000000006,53.15500000000001,2016/03/07,55.0,18138,56.0,0,52.4,52.5,140,1,1046,0
210,52.4,54.72583333333333,56.01333333333333,52.55,52.985,2016/03/04,52.4,18123,52.5,0,52.0,52.1,46,1,1050,0
211,52.339999999999996,54.69541666666667,56.27833333333332,52.7,52.955000000000005,2016/03/03,52.2,18123,53.1,0,52.0,52.4,31,1,1041,0
212,52.419999999999995,54.677083333333336,56.54999999999999,52.78000000000001,52.93000000000001,2016/03/02,52.9,18123,52.9,0,52.0,52.9,48,1,1041,0
213,52.44,54.65291666666667,56.77499999999999,52.839999999999996,52.925,2016/03/01,52.6,18123,52.6,0,51.9,51.9,33,2,1065,0
214,52.419999999999995,54.611250000000005,57.048333333333325,52.93000000000001,52.825,2016/02/26,51.9,18125,52.5,0,51.9,52.5,40,2,1068,0
215,52.7,54.566250000000004,57.261666666666656,53.18000000000001,52.76500000000001,2016/02/25,52.1,18124,52.8,0,52.1,52.8,39,2,1077,0
216,53.06,54.51208333333334,57.41666666666666,53.39,52.71500000000001,2016/02/24,52.6,18124,53.8,0,52.5,53.8,39,2,1088,0
217,53.14,54.442083333333336,57.55833333333332,53.589999999999996,52.760000000000005,2016/02/23,53.0,18122,53.5,0,52.8,52.8,35,2,1098,0
218,53.239999999999995,54.36708333333333,57.71999999999999,53.64,52.785000000000004,2016/02/22,52.5,18119,53.3,0,52.5,53.3,37,2,1108,0
219,53.44,54.28625,57.84833333333332,53.589999999999996,52.75500000000001,2016/02/19,53.3,18117,54.4,0,53.2,54.4,70,2,1108,0
220,53.660000000000004,54.23833333333334,57.87333333333332,53.42,52.65,2016/02/18,53.9,18116,54.2,0,53.6,54.2,48,1,1093,0
221,53.71999999999999,54.22916666666667,57.874999999999986,53.21,52.545,2016/02/17,53.0,18116,55.0,0,53.0,54.4,46,2,1091,0
222,54.04,54.23916666666667,57.87999999999999,53.08,52.46,2016/02/16,53.5,18114,54.0,0,52.9,53.5,41,2,1083,0
223,54.04,54.27583333333334,57.874999999999986,53.010000000000005,52.470000000000006,2016/02/15,53.5,18109,54.2,0,52.9,54.2,33,2,1081,0
224,53.739999999999995,54.3125,57.871666666666655,52.720000000000006,52.48,2016/02/03,54.4,18108,54.4,0,53.1,54.2,38,0,1086,0
225,53.18000000000001,54.33500000000001,57.86499999999999,52.35,52.410000000000004,2016/02/02,54.2,18107,54.6,0,53.8,53.8,24,0,1094,0
226,52.7,54.35833333333334,57.86999999999999,52.040000000000006,52.485,2016/02/01,54.6,18107,55.3,0,54.2,55.3,57,0,1090,0
227,52.120000000000005,54.37833333333334,57.883333333333326,51.93000000000001,52.605,2016/01/30,53.5,18107,54.0,0,52.9,52.9,37,0,1083,0
228,51.980000000000004,54.45000000000001,57.893333333333324,51.93000000000001,52.879999999999995,2016/01/29,52.0,18107,52.2,0,51.6,51.7,22,4,1080,0
229,51.7,54.554166666666674,57.93166666666666,51.92,53.239999999999995,2016/01/28,51.6,18106,52.0,0,51.6,51.8,23,2,1078,0
230,51.52,54.682500000000005,57.971666666666664,51.88000000000001,53.620000000000005,2016/01/27,51.8,18106,52.9,0,51.8,52.5,77,3,1089,0
231,51.38000000000001,54.81333333333334,58.004999999999995,51.88000000000001,54.03000000000001,2016/01/26,51.7,18114,52.5,0,51.6,52.5,28,5,1101,0
232,51.739999999999995,54.965833333333336,58.03666666666666,51.839999999999996,54.49000000000001,2016/01/25,52.8,18114,53.6,0,51.0,51.0,71,0,1109,1
233,51.879999999999995,55.061666666666675,58.044999999999995,51.93000000000001,54.970000000000006,2016/01/22,50.6,18129,52.0,0,50.6,51.9,21,6,1093,0
234,52.14,55.181666666666665,58.098333333333336,52.239999999999995,55.47500000000001,2016/01/21,50.7,18133,51.6,0,50.7,50.7,75,3,1094,0
235,52.239999999999995,55.31333333333334,58.153333333333336,52.470000000000006,56.09000000000001,2016/01/20,51.1,18130,53.5,0,51.0,53.5,57,2,1101,0
236,52.38000000000001,55.454166666666666,58.19166666666668,52.92999999999999,56.71,2016/01/19,53.5,18154,54.2,0,53.0,54.0,46,0,1126,0
237,51.94,55.54416666666667,58.201666666666675,53.279999999999994,57.250000000000014,2016/01/18,53.5,18162,54.5,0,51.9,51.9,46,0,1134,0
238,51.980000000000004,55.615833333333335,58.216666666666676,53.83,57.790000000000006,2016/01/15,51.9,18158,52.4,0,51.7,52.4,44,0,1133,1
239,52.339999999999996,55.69666666666668,58.255,54.56,58.19500000000001,2016/01/14,51.2,18157,51.4,0,50.7,50.7,57,0,1126,1
240,52.7,55.783333333333346,58.30666666666668,55.36,58.595000000000006,2016/01/13,51.8,18159,52.5,0,51.3,51.5,39,2,1137,1
241,53.48,55.86833333333335,58.356666666666676,56.17999999999999,58.98,2016/01/12,51.3,18158,54.4,0,50.2,54.4,79,3,1139,1
242,54.620000000000005,55.95833333333335,58.39333333333334,57.14000000000001,59.225,2016/01/11,53.7,18161,54.6,0,53.0,54.6,102,0,1169,1
243,55.67999999999999,56.02333333333335,58.31000000000001,58.010000000000005,59.404999999999994,2016/01/08,53.7,18166,54.7,0,52.5,52.7,100,2,1150,0
244,56.779999999999994,56.119166666666686,58.22500000000001,58.71,59.675,2016/01/07,53.0,18159,56.0,0,52.5,56.0,195,0,1152,0
245,58.019999999999996,56.19916666666668,58.150000000000006,59.71,59.925,2016/01/06,55.7,18158,58.2,0,53.4,58.2,163,2,1251,2
246,58.879999999999995,56.25583333333335,58.03083333333334,60.49000000000001,60.25500000000001,2016/01/05,57.0,18156,59.8,0,56.5,59.8,134,2,1341,0
247,59.660000000000004,56.30333333333335,57.889166666666675,61.220000000000006,60.580000000000005,2016/01/04,59.0,18159,60.4,0,59.0,60.4,64,0,1339,3
248,60.339999999999996,56.33166666666668,57.724166666666676,61.750000000000014,60.855000000000004,2015/12/31,59.2,18162,60.0,0,59.2,59.2,56,1,1341,7
249,60.64,56.35416666666668,57.55916666666668,61.830000000000005,61.11500000000001,2015/12/30,59.2,18162,60.5,0,59.2,60.0,57,15,1318,8
250,61.4,56.364166666666684,57.39083333333335,61.830000000000005,61.435,2015/12/29,60.0,18163,60.6,0,59.9,60.5,95,29,1311,8
251,62.1,56.38083333333335,57.21416666666668,61.78000000000001,61.85,2015/12/28,60.9,18164,62.3,0,60.2,62.3,62,29,1276,8
252,62.779999999999994,56.400833333333345,57.029166666666676,61.31000000000002,62.230000000000004,2015/12/25,62.4,6165,62.4,0,60.5,60.6,72,29,1256,9
253,63.160000000000004,56.40666666666667,56.81833333333334,60.8,62.43000000000001,2015/12/24,60.7,6164,63.2,0,60.0,63.1,203,29,1245,11
254,63.02,56.422500000000014,56.64000000000001,60.64000000000001,62.845000000000006,2015/12/23,63.0,6162,64.9,0,62.7,64.9,122,29,1213,7
255,62.260000000000005,56.41750000000001,56.41583333333334,60.14000000000001,62.93000000000001,2015/12/22,63.5,6159,65.5,0,63.4,65.0,161,29,1238,10
256,61.46,56.400000000000006,56.17750000000001,60.02,62.825,2015/12/21,64.3,6167,69.0,0,64.3,69.0,579,29,1239,8
257,59.839999999999996,56.36916666666668,55.93083333333335,59.94000000000001,62.665,2015/12/18,64.3,6177,65.7,0,58.1,59.7,460,29,1209,7
258,58.44,56.33000000000001,55.684166666666684,59.960000000000015,62.585,2015/12/17,60.0,6182,60.0,0,58.1,59.2,73,29,1159,7
259,58.260000000000005,56.33083333333334,55.500833333333354,60.40000000000001,62.595000000000006,2015/12/16,59.2,6184,60.3,0,58.8,60.0,86,29,1155,11
260,58.02,56.337500000000006,55.35416666666668,61.040000000000006,62.375,2015/12/15,59.5,6205,59.5,0,57.0,57.0,180,29,1155,8
261,58.58,56.351666666666674,55.19916666666668,61.92,62.1,2015/12/14,56.2,6208,57.8,0,55.0,55.0,92,29,1189,3
262,60.04,56.39333333333334,55.09166666666668,63.15000000000001,61.955,2015/12/11,57.3,6202,59.1,0,57.3,59.1,101,38,1194,5
263,61.48,56.42750000000001,54.956666666666685,64.06,61.75,2015/12/10,59.1,6230,60.0,0,57.0,57.0,191,38,1207,4
264,62.540000000000006,56.44333333333335,54.80416666666668,65.05,61.46,2015/12/09,58.0,6220,62.1,0,58.0,61.8,431,38,1273,2
265,64.06,56.46416666666668,54.67083333333335,65.72,61.260000000000005,2015/12/08,62.3,6210,63.5,0,61.6,63.2,207,169,1328,5
266,65.26000000000002,56.47000000000001,54.47250000000002,65.63,60.870000000000005,2015/12/07,63.5,6191,65.3,0,63.2,64.6,199,168,1358,10
267,66.26000000000002,56.474166666666676,54.244166666666686,65.39000000000001,60.464999999999996,2015/12/04,64.5,6183,65.5,0,64.2,64.4,171,168,1387,7
268,66.64000000000001,56.47250000000001,53.98583333333336,65.21000000000001,59.94500000000001,2015/12/03,64.4,6188,66.8,0,63.7,65.6,402,168,1400,6
269,67.56000000000002,56.463333333333345,53.72083333333335,64.79,59.44,2015/12/02,65.6,6161,69.0,0,65.0,69.0,605,168,1444,8
270,67.38000000000001,56.43250000000001,53.43833333333336,63.71,58.86,2015/12/01,68.3,6155,71.0,0,68.3,69.0,878,147,1419,10
271,66.0,56.33250000000001,53.112500000000026,62.279999999999994,58.135000000000005,2015/11/30,68.5,6160,69.6,0,65.6,66.5,1169,147,1402,15
272,64.52,56.22000000000001,52.80416666666669,60.75999999999999,57.39,2015/11/27,66.4,6165,70.4,0,65.8,69.9,949,138,1386,9
273,63.779999999999994,56.11916666666668,52.530833333333355,59.44,56.735,2015/11/26,69.0,6167,71.1,0,65.2,67.9,3089,88,1383,10
274,62.019999999999996,55.99416666666668,52.174166666666686,57.86999999999999,55.975,2015/11/25,64.7,6184,65.0,0,61.6,61.6,698,0,898,3
275,60.04,55.91000000000001,51.87083333333335,56.8,55.44,2015/11/24,61.4,6172,62.5,0,59.6,60.5,252,0,826,0
276,58.56,55.85750000000001,51.60750000000001,56.11,55.04,2015/11/23,61.1,6171,65.5,0,61.1,65.0,361,0,844,0
277,57.0,55.796666666666674,51.32583333333335,55.54,54.69,2015/11/20,62.7,6176,63.5,0,60.6,60.6,655,0,831,0
278,55.1,55.71083333333335,51.01416666666668,54.67999999999999,54.27499999999999,2015/11/19,60.2,6198,60.2,0,55.2,55.2,532,0,781,0
279,53.720000000000006,55.64583333333336,50.724166666666676,54.089999999999996,53.97499999999999,2015/11/18,54.8,6181,56.5,0,54.0,54.0,126,0,714,0
280,53.56,55.62666666666668,50.603333333333346,54.010000000000005,53.94999999999999,2015/11/17,54.0,6195,55.0,0,53.8,55.0,77,0,693,0
281,53.660000000000004,55.614166666666684,50.58333333333335,53.99000000000001,53.989999999999995,2015/11/16,53.3,6190,53.4,0,52.3,52.3,25,0,679,0
282,54.080000000000005,55.605833333333344,50.59833333333334,54.02,53.999999999999986,2015/11/13,53.2,6184,53.3,0,52.6,52.7,23,0,679,0
283,54.260000000000005,55.60000000000002,50.676666666666684,54.029999999999994,53.775,2015/11/12,53.3,6174,54.5,0,53.2,54.3,52,0,681,0
284,54.46,55.58916666666668,50.753333333333345,54.08,53.54,2015/11/11,54.0,6176,55.4,0,54.0,55.4,42,0,696,0
285,54.46,55.570833333333354,50.805000000000014,54.08,53.265,2015/11/10,54.5,6176,55.6,0,54.5,55.4,51,0,679,0
286,54.31999999999999,55.550000000000026,50.84666666666668,53.970000000000006,52.967499999999994,2015/11/09,55.4,6177,57.5,0,54.7,54.7,148,0,677,0
287,53.96,55.52000000000002,50.87333333333334,53.84000000000001,52.62249999999999,2015/11/06,54.1,6176,54.5,0,54.0,54.5,43,0,653,0
288,53.8,55.50666666666668,51.006666666666675,53.870000000000005,52.3725,2015/11/05,54.3,6176,54.8,0,54.0,54.0,38,0,654,0
289,53.7,55.49916666666669,51.17666666666667,53.85999999999999,52.1225,2015/11/04,54.0,6176,54.5,0,53.8,53.8,48,0,643,1
290,53.7,55.493333333333354,51.39333333333334,53.89,51.8775,2015/11/03,53.8,6162,54.3,0,53.6,53.6,57,0,635,1
291,53.620000000000005,55.49833333333335,51.62166666666667,53.989999999999995,51.657500000000006,2015/11/02,53.6,6163,54.1,0,53.0,53.0,44,0,625,1
292,53.720000000000006,55.50583333333336,51.895,53.98,51.467499999999994,2015/10/30,53.3,6162,53.9,0,52.5,53.6,33,0,621,1
293,53.94,55.52333333333335,52.07833333333334,53.519999999999996,51.29,2015/10/29,53.8,6159,54.7,0,53.8,54.6,37,0,617,1
294,54.02,55.53083333333335,52.265,53.0,51.1,2015/10/28,54.0,6160,54.4,0,53.4,53.4,34,0,618,1
295,54.080000000000005,55.54250000000002,52.473333333333336,52.45,50.8775,2015/10/27,53.4,6157,54.1,0,53.1,54.1,46,0,612,1
296,54.36,55.55833333333336,52.71666666666667,51.964999999999996,50.667500000000004,2015/10/26,54.1,6157,54.7,0,53.1,54.5,38,0,604,1
297,54.239999999999995,55.56666666666669,52.88666666666667,51.404999999999994,50.4375,2015/10/23,54.4,6148,55.0,0,54.3,54.3,65,0,604,1
298,53.1,55.57166666666669,53.015,50.875,50.1925,2015/10/22,54.2,6148,55.4,0,53.8,54.3,74,0,604,1
299,51.98,55.570833333333354,53.138333333333335,50.385000000000005,49.9325,2015/10/21,54.3,6148,56.0,0,53.9,55.1,150,0,607,0
300,50.82,55.570833333333354,53.26,49.865,49.7375,2015/10/20,54.8,6153,58.0,0,54.3,54.8,710,0,596,0
301,49.57,55.570833333333354,53.379999999999995,49.325,49.5075,2015/10/19,53.5,6171,53.5,0,48.9,48.9,431,0,570,0
302,48.57,55.570833333333354,53.52333333333333,48.955,49.32,2015/10/16,48.7,6147,48.7,0,48.6,48.7,29,0,511,1
303,48.65,55.570833333333354,53.736666666666665,49.06,49.345,2015/10/15,48.6,6145,48.9,0,48.55,48.9,13,0,513,1
304,48.79,55.570833333333354,54.013333333333335,49.2,49.4125,2015/10/14,48.5,6144,48.55,0,48.1,48.55,39,0,519,2
305,48.91,55.570833333333354,54.248333333333335,49.30500000000001,49.4875,2015/10/13,48.55,6144,49.2,0,48.1,49.2,36,0,515,2
306,49.08,55.570833333333354,54.48083333333333,49.370000000000005,49.58,2015/10/12,48.5,6142,49.15,0,47.7,49.15,20,0,514,2
307,49.33999999999999,55.570833333333354,54.7175,49.470000000000006,49.644999999999996,2015/10/08,49.1,6142,49.7,0,49.0,49.0,37,0,511,2
308,49.47,55.570833333333354,54.93916666666667,49.510000000000005,49.64,2015/10/07,49.3,6142,49.65,0,49.0,49.65,48,0,509,3
309,49.61,55.570833333333354,55.14916666666667,49.480000000000004,49.6,2015/10/06,49.1,6142,50.0,0,49.0,49.6,35,0,507,3
310,49.7,55.570833333333354,55.337500000000006,49.61,49.5775,2015/10/05,49.4,6142,50.0,0,49.3,49.8,18,0,517,3
311,49.660000000000004,55.570833333333354,55.54750000000001,49.69,49.545,2015/10/02,49.8,6142,49.9,0,49.5,49.85,38,0,520,3
312,49.6,55.570833333333354,55.77250000000001,49.684999999999995,49.555,2015/10/01,49.75,6143,50.7,0,49.05,50.7,38,0,519,3
313,49.55,55.570833333333354,55.995000000000005,49.629999999999995,49.5675,2015/09/30,50.0,6144,50.7,0,49.5,50.7,27,0,509,2
314,49.35,55.570833333333354,56.20500000000001,49.625,49.447500000000005,2015/09/25,49.55,6141,49.9,0,49.0,49.5,28,0,509,2
315,49.519999999999996,55.570833333333354,56.41916666666668,49.67,49.295,2015/09/24,49.2,6140,50.4,0,49.1,50.4,41,0,507,2
316,49.72,55.570833333333354,56.62250000000002,49.79,49.115,2015/09/23,49.5,6139,50.5,0,49.0,49.0,55,0,522,2
317,49.769999999999996,55.570833333333354,56.807500000000005,49.82,48.85000000000001,2015/09/22,49.5,6139,49.9,0,49.1,49.7,26,0,515,2
318,49.71,55.570833333333354,56.97583333333334,49.769999999999996,48.575,2015/09/21,49.0,6137,51.0,0,49.0,50.8,58,0,513,2
319,49.900000000000006,55.570833333333354,57.160833333333336,49.72,48.265,2015/09/18,50.4,6144,50.7,0,49.8,50.0,28,0,513,1
320,49.82000000000001,55.570833333333354,57.32083333333333,49.545,48.1225,2015/09/17,50.2,6144,50.7,0,50.0,50.0,52,0,515,1
321,49.86,55.570833333333354,57.50416666666667,49.39999999999999,48.2525,2015/09/16,49.75,6144,50.2,0,49.2,49.2,40,0,518,1
322,49.86999999999999,55.570833333333354,57.69500000000001,49.425,48.475,2015/09/15,49.2,6140,49.9,0,49.15,49.9,22,0,513,1
323,49.83,55.570833333333354,57.89833333333333,49.504999999999995,48.910000000000004,2015/09/14,49.95,6140,50.7,0,49.0,50.7,16,0,517,1
324,49.54,55.570833333333354,58.0825,49.269999999999996,49.3075,2015/09/11,50.0,6141,50.8,0,49.6,50.8,18,0,524,1
325,49.269999999999996,55.570833333333354,58.25750000000001,48.92,49.6625,2015/09/10,50.4,6145,50.6,0,50.0,50.6,35,0,521,2
326,48.940000000000005,55.570833333333354,58.4675,48.44,49.9925,2015/09/09,49.8,6146,50.2,0,49.8,49.9,46,0,524,2
327,48.980000000000004,55.570833333333354,58.704166666666666,47.879999999999995,50.352500000000006,2015/09/08,49.0,6145,49.7,0,48.5,48.5,12,0,525,1
328,49.18,55.570833333333354,58.95916666666667,47.379999999999995,51.00750000000001,2015/09/07,48.5,6145,48.9,0,46.0,46.0,46,0,531,1
329,49.0,55.570833333333354,59.20583333333333,46.809999999999995,51.807500000000005,2015/09/04,48.65,6145,49.8,0,48.5,49.8,53,0,536,1
330,48.57,55.570833333333354,59.42666666666666,46.7,52.725,2015/09/03,48.75,6145,51.9,0,48.65,51.0,89,0,520,1
331,47.94,55.570833333333354,59.5525,47.105000000000004,53.6625,2015/09/02,50.0,6162,50.8,0,48.0,49.0,60,0,520,0
332,46.78,55.570833333333354,59.63583333333334,47.525,54.6625,2015/09/01,50.0,6168,51.7,0,47.8,47.8,96,0,532,0
333,45.58,55.570833333333354,59.707499999999996,48.315000000000005,55.3775,2015/08/31,47.6,6157,48.0,0,45.3,45.85,50,1,565,0
334,44.620000000000005,55.570833333333354,59.814166666666665,49.345000000000006,56.24749999999999,2015/08/28,46.5,6176,46.9,0,46.1,46.5,94,2,564,0
335,44.830000000000005,55.570833333333354,59.94916666666666,50.40500000000001,57.24749999999999,2015/08/27,45.6,6176,47.0,0,45.0,47.0,137,2,571,0
336,46.27,55.570833333333354,60.107499999999995,51.545,58.36749999999999,2015/08/26,44.2,6198,45.0,0,43.45,44.0,90,3,590,0
337,48.27,55.570833333333354,60.267500000000005,52.825,59.37249999999999,2015/08/25,44.0,6213,45.95,0,39.25,40.5,222,3,613,0
338,51.05,55.570833333333354,60.407500000000006,54.635000000000005,60.27749999999999,2015/08/24,42.8,6193,45.0,0,42.8,43.5,328,3,662,2
339,54.07000000000001,55.570833333333354,60.5675,56.80499999999999,61.21749999999999,2015/08/21,47.55,6181,51.6,0,47.55,51.6,377,4,814,3
340,55.980000000000004,55.570833333333354,60.65,58.75,61.91999999999998,2015/08/20,52.8,6181,54.3,0,52.5,54.2,181,3,986,10
341,56.82000000000001,55.570833333333354,60.644999999999996,60.220000000000006,62.37999999999998,2015/08/19,54.2,6165,58.4,0,54.2,58.0,111,4,1001,12
342,57.38000000000001,55.570833333333354,60.61333333333334,61.8,62.77499999999999,2015/08/18,57.9,6179,58.8,0,57.0,58.1,79,3,1047,18
343,58.220000000000006,55.570833333333354,60.52333333333333,62.44000000000001,62.954999999999984,2015/08/17,57.9,6175,58.5,0,57.5,57.5,76,5,1045,16
344,59.54,55.570833333333354,60.425,63.15,63.31999999999998,2015/08/14,57.1,6171,58.5,0,57.0,57.0,73,6,1130,17
345,61.52,55.570833333333354,60.33666666666667,64.09,63.594999999999985,2015/08/13,57.0,6178,59.8,0,57.0,57.1,159,5,1128,21
346,63.620000000000005,55.570833333333354,60.25333333333334,65.19,63.86999999999998,2015/08/12,57.0,6202,62.0,0,56.0,62.0,506,5,1129,16
347,66.22,55.570833333333354,60.16666666666667,65.92,64.15499999999999,2015/08/11,62.1,6200,65.9,0,61.5,64.5,422,4,1269,22
348,66.66,55.570833333333354,60.006666666666675,65.92,64.16999999999999,2015/08/10,64.5,6244,66.9,0,64.0,66.9,306,6,1282,23
349,66.76,55.570833333333354,59.82166666666668,65.63000000000001,64.03999999999998,2015/08/07,67.0,6259,70.5,0,63.5,70.0,954,6,1233,48
350,66.66,55.570833333333354,59.59333333333335,65.09,63.70999999999998,2015/08/06,67.5,6232,72.9,0,66.0,70.8,772,7,1211,45
351,66.76,55.570833333333354,59.375000000000014,64.54,63.43499999999998,2015/08/05,70.0,6135,70.0,0,65.1,65.1,699,7,1386,31
352,65.62,55.570833333333354,59.11666666666668,63.75,63.09999999999998,2015/08/04,64.3,5947,65.9,0,63.9,63.9,277,5,1234,22
353,65.17999999999999,55.570833333333354,58.96833333333335,63.470000000000006,63.039999999999985,2015/08/03,65.0,5861,66.4,0,63.7,66.4,322,4,1329,26
354,64.5,55.570833333333354,58.796666666666674,63.49000000000001,62.91999999999998,2015/07/31,66.5,5866,70.5,0,66.5,68.8,659,10,1354,24
355,63.52,55.570833333333354,58.61166666666668,63.10000000000001,62.71499999999999,2015/07/30,68.0,5864,68.8,0,65.0,65.1,648,7,1340,20
356,62.32000000000001,55.570833333333354,58.40000000000001,62.55000000000001,62.38499999999998,2015/07/29,64.3,5847,65.0,0,62.6,63.6,348,7,1221,9
357,61.879999999999995,55.570833333333354,58.24666666666668,62.39000000000001,62.199999999999974,2015/07/28,62.1,5832,63.2,0,61.5,63.2,156,7,1127,11
358,61.760000000000005,55.570833333333354,58.128333333333345,62.42,62.074999999999974,2015/07/27,61.6,5827,63.6,0,61.4,61.6,252,6,1136,8
359,62.480000000000004,55.570833333333354,58.003333333333345,62.45,61.99999999999998,2015/07/24,61.6,5824,62.7,0,61.5,62.1,37,1,1157,5
360,62.68000000000001,55.570833333333354,58.003333333333345,62.33,61.91999999999998,2015/07/23,62.0,5827,63.4,0,61.5,62.2,73,1,1160,5
361,62.78000000000001,55.570833333333354,58.003333333333345,62.33,61.87999999999998,2015/07/22,62.1,5825,63.6,0,61.6,61.6,127,16,1192,9
362,62.9,55.570833333333354,58.003333333333345,62.45,61.834999999999994,2015/07/21,61.5,5817,66.0,0,61.5,66.0,185,15,1215,7
363,63.080000000000005,55.570833333333354,58.003333333333345,62.61,61.829999999999984,2015/07/20,65.2,5812,68.0,0,63.3,63.3,326,15,1272,1
364,62.42,55.570833333333354,58.003333333333345,62.35,61.61999999999998,2015/07/17,62.6,5804,63.5,0,62.5,62.5,74,0,1305,2
365,61.98,55.570833333333354,58.003333333333345,62.33,61.514999999999986,2015/07/16,62.5,5805,63.5,0,62.5,63.5,54,0,1312,2
366,61.879999999999995,55.570833333333354,58.003333333333345,62.21999999999999,61.539999999999985,2015/07/15,62.7,5800,63.3,0,62.4,62.4,83,0,1326,2
367,62.0,55.570833333333354,58.003333333333345,62.00999999999999,61.60499999999998,2015/07/14,62.4,5790,63.0,0,62.0,62.0,52,0,1338,2
368,62.14,55.570833333333354,58.003333333333345,61.73,61.69999999999999,2015/07/13,61.9,5788,62.1,0,61.2,61.3,70,1,1350,2
369,62.279999999999994,55.570833333333354,58.003333333333345,61.55,61.76999999999998,2015/07/09,60.4,5770,60.9,0,59.1,60.6,134,2,1355,3
370,62.67999999999999,55.570833333333354,58.003333333333345,61.510000000000005,61.844999999999985,2015/07/08,62.0,5768,63.6,0,60.3,63.3,185,1,1340,3
371,62.55999999999999,55.570833333333354,58.003333333333345,61.42999999999999,61.55999999999998,2015/07/07,63.3,5773,64.7,0,63.3,63.4,142,0,1360,2
372,62.019999999999996,55.570833333333354,58.003333333333345,61.220000000000006,61.14499999999998,2015/07/06,63.1,5771,64.0,0,62.6,62.6,127,0,1347,2
373,61.31999999999999,55.570833333333354,58.003333333333345,61.05,60.704999999999984,2015/07/03,62.6,5764,62.7,0,61.7,62.4,133,0,1345,2
374,60.81999999999999,55.570833333333354,58.003333333333345,60.89,60.27499999999998,2015/07/02,62.4,5771,62.5,0,61.5,62.1,99,0,1323,2
375,60.339999999999996,55.570833333333354,58.003333333333345,60.7,59.88499999999999,2015/07/01,61.4,5757,61.7,0,60.6,60.6,75,0,1321,2
376,60.3,55.570833333333354,58.003333333333345,60.86,59.56999999999999,2015/06/30,60.6,5745,61.5,0,58.6,58.6,72,1,1313,2
377,60.42,55.570833333333354,58.003333333333345,61.2,59.22999999999998,2015/06/29,59.6,5740,59.6,0,58.7,59.1,132,1,1309,2
378,60.779999999999994,55.570833333333354,58.003333333333345,61.67,58.86999999999999,2015/06/26,60.1,5744,60.1,0,59.1,60.0,110,1,1315,2
379,60.96,55.570833333333354,58.003333333333345,61.989999999999995,58.485,2015/06/25,60.0,5730,61.5,0,59.6,61.2,190,1,1330,2
380,61.06,55.570833333333354,58.003333333333345,62.17999999999999,58.11,2015/06/24,61.2,5720,62.0,0,61.2,61.9,66,2,1401,2
381,61.42,55.570833333333354,58.003333333333345,61.69,57.675,2015/06/23,61.2,5720,62.1,0,61.1,62.1,122,2,1394,2
382,61.98,55.570833333333354,58.003333333333345,61.06999999999999,57.23,2015/06/22,61.4,5722,63.0,0,61.0,61.2,210,2,1415,2
383,62.56,55.570833333333354,58.003333333333345,60.36,56.785000000000004,2015/06/18,61.0,5652,61.8,0,60.5,60.5,145,1,1468,2
384,63.02,55.570833333333354,58.003333333333345,59.660000000000004,56.334999999999994,2015/06/17,60.5,5641,64.5,0,60.2,63.6,321,1,1445,2
385,63.3,55.570833333333354,58.003333333333345,59.06999999999999,55.9,2015/06/16,63.0,5644,63.9,0,62.2,63.9,298,2,1489,12
386,61.959999999999994,55.570833333333354,58.003333333333345,58.279999999999994,55.35,2015/06/15,64.0,5664,67.2,0,64.0,64.5,696,0,1479,19
387,60.15999999999999,55.570833333333354,58.003333333333345,57.260000000000005,54.739999999999995,2015/06/12,64.3,5667,64.8,0,62.2,63.0,426,0,1416,13
388,58.15999999999999,55.570833333333354,58.003333333333345,56.07000000000001,54.15,2015/06/11,63.3,5671,65.9,0,62.2,64.5,822,0,1427,13
389,56.3,55.570833333333354,58.003333333333345,54.98,53.654999999999994,2015/06/10,61.9,5698,61.9,0,56.3,56.7,737,0,1369,5
390,54.839999999999996,55.570833333333354,58.003333333333345,54.04,53.225,2015/06/09,56.3,5682,58.0,0,55.3,55.3,206,0,1244,1
391,54.6,55.570833333333354,58.003333333333345,53.660000000000004,53.129999999999995,2015/06/08,55.0,5688,55.3,0,54.1,54.1,94,0,1200,1
392,54.36,55.570833333333354,58.003333333333345,53.39,53.105,2015/06/05,54.3,5693,54.5,0,54.0,54.0,62,0,1178,1
393,53.980000000000004,55.570833333333354,58.003333333333345,53.21,53.15999999999999,2015/06/04,54.0,5711,54.9,0,54.0,54.5,67,0,1181,0
394,53.660000000000004,55.570833333333354,58.003333333333345,53.010000000000005,53.19500000000001,2015/06/03,54.6,5723,55.9,0,54.5,55.5,87,0,1161,0
395,53.24000000000001,55.570833333333354,58.003333333333345,52.73,53.23499999999999,2015/06/02,55.1,5734,55.3,0,54.0,54.0,98,0,1182,0
396,52.720000000000006,55.570833333333354,58.003333333333345,52.42,53.24499999999999,2015/06/01,53.8,5736,55.9,0,52.5,52.5,68,0,1190,0
397,52.42,55.570833333333354,58.003333333333345,52.220000000000006,53.30999999999999,2015/05/29,52.4,5736,52.6,0,52.4,52.4,14,0,1190,0
398,52.44000000000001,55.570833333333354,58.003333333333345,52.23,53.44,2015/05/28,52.4,5736,52.5,0,52.3,52.5,25,0,1189,0
399,52.36,55.570833333333354,58.003333333333345,52.33,53.525,2015/05/27,52.5,5737,52.6,0,52.2,52.6,29,0,1185,0
400,52.220000000000006,55.570833333333354,58.003333333333345,52.410000000000004,53.525,2015/05/26,52.5,5737,53.4,0,52.1,53.4,24,0,1186,0
401,52.120000000000005,55.570833333333354,58.003333333333345,52.6,53.525,2015/05/25,52.3,5740,52.6,0,52.1,52.3,32,0,1185,0
402,52.02,55.570833333333354,58.003333333333345,52.81999999999999,53.525,2015/05/22,52.5,5746,53.3,0,52.1,52.8,39,0,1180,1
403,52.02,55.570833333333354,58.003333333333345,53.11,53.525,2015/05/21,52.0,5752,52.5,0,51.7,52.0,22,1,1174,1
404,52.3,55.570833333333354,58.003333333333345,53.379999999999995,53.525,2015/05/20,51.8,5757,51.9,0,51.7,51.7,34,3,1173,1
405,52.6,55.570833333333354,58.003333333333345,53.739999999999995,53.525,2015/05/19,52.0,5758,52.4,0,51.4,51.6,28,3,1178,1
406,53.08,55.570833333333354,58.003333333333345,54.06999999999999,53.525,2015/05/18,51.8,5746,52.3,0,51.5,52.3,47,4,1177,1
407,53.620000000000005,55.570833333333354,58.003333333333345,54.4,53.525,2015/05/15,52.5,5747,53.2,0,52.0,53.1,70,4,1182,0
408,54.2,55.570833333333354,58.003333333333345,54.65,53.525,2015/05/14,53.4,5749,53.6,0,53.1,53.1,35,4,1199,0
409,54.46,55.570833333333354,58.003333333333345,54.720000000000006,53.525,2015/05/13,53.3,5749,54.4,0,52.6,53.5,30,6,1190,0
410,54.879999999999995,55.570833333333354,58.003333333333345,54.720000000000006,53.525,2015/05/12,54.4,5749,54.4,0,53.1,53.1,96,6,1199,0
411,55.05999999999999,55.570833333333354,58.003333333333345,54.720000000000006,53.525,2015/05/11,54.5,5754,55.4,0,54.0,55.4,132,5,1237,0
412,55.17999999999999,55.570833333333354,58.003333333333345,54.720000000000006,53.525,2015/05/08,55.4,5762,56.0,0,54.5,54.5,99,5,1264,0
413,55.1,55.570833333333354,58.003333333333345,54.720000000000006,53.525,2015/05/07,54.7,5751,55.7,0,54.7,55.7,32,5,1294,0
414,54.98,55.570833333333354,58.003333333333345,54.720000000000006,53.525,2015/05/06,55.4,5689,55.5,0,55.0,55.3,58,5,1303,0
415,54.98,55.570833333333354,58.003333333333345,54.720000000000006,53.525,2015/05/05,55.3,5682,56.4,0,55.1,55.1,58,5,1304,0
416,54.98,55.570833333333354,58.003333333333345,54.720000000000006,53.525,2015/05/04,55.1,5677,56.9,0,55.1,56.9,82,5,1300,0
417,54.98,55.570833333333354,58.003333333333345,54.720000000000006,53.525,2015/04/30,55.0,5679,55.4,0,54.3,54.5,56,5,1299,0
418,54.98,55.570833333333354,58.003333333333345,54.720000000000006,53.525,2015/04/29,54.1,5667,54.7,0,54.0,54.7,121,7,1302,0
