,avg_five,avg_hundred_twenty,avg_sixty,avg_ten,avg_twenty,date,finial_price,foreign_investment,highest_price,legal_person,lowest_price,opening_price,quantity,self_employed,short_buy,short_sell
0,13.209999999999999,12.930833333333336,12.894166666666669,13.079999999999998,13.084999999999997,2017/01/09,13.25,1401,13.35,0,13.0,13.3,16,0,2678,1
1,13.209999999999999,12.925833333333337,12.883333333333335,13.069999999999999,13.067499999999995,2017/01/06,13.25,1401,13.25,0,13.1,13.25,31,0,2678,0
2,13.11,12.919166666666671,12.879166666666668,13.065000000000001,13.052499999999998,2017/01/05,13.1,1412,13.3,0,13.1,13.2,39,0,2682,0
3,13.059999999999999,12.915000000000003,12.877500000000001,13.065000000000001,13.044999999999996,2017/01/04,13.4,1412,13.5,0,13.05,13.1,166,0,2676,0
4,12.969999999999999,12.907500000000002,12.869166666666668,13.044999999999998,13.022499999999997,2017/01/03,13.05,1413,13.4,0,12.95,13.3,281,1,2699,0
5,12.95,12.902083333333335,12.870833333333335,13.059999999999999,13.019999999999996,2016/12/30,13.25,1401,13.25,0,12.75,12.8,153,0,2662,0
6,12.930000000000001,12.89666666666667,12.868333333333334,13.055000000000001,13.007499999999997,2016/12/29,12.75,1401,12.85,0,12.7,12.7,44,1,2676,0
7,13.020000000000001,12.89916666666667,12.875833333333334,13.084999999999999,13.017499999999995,2016/12/28,12.85,1401,12.95,0,12.85,12.85,78,1,2695,0
8,13.070000000000002,12.898750000000003,12.879166666666668,13.095000000000002,13.027499999999998,2016/12/27,12.95,1401,13.0,0,12.85,13.0,38,1,2728,0
9,13.120000000000001,12.897083333333336,12.883333333333335,13.095000000000002,13.022499999999997,2016/12/26,12.95,1401,13.05,0,12.95,13.0,46,1,2734,0
10,13.170000000000002,12.893750000000002,12.886666666666667,13.09,12.997499999999997,2016/12/23,13.15,1401,13.3,0,13.0,13.3,25,0,2745,0
11,13.180000000000001,12.888333333333334,12.886666666666667,13.065000000000001,12.964999999999995,2016/12/22,13.2,1401,13.45,0,13.0,13.05,118,0,2744,0
12,13.15,12.881666666666668,12.888333333333334,13.040000000000001,12.934999999999997,2016/12/21,13.1,1401,13.2,0,13.1,13.2,27,0,2731,0
13,13.120000000000001,12.875416666666668,12.890000000000002,13.025,12.909999999999997,2016/12/20,13.2,1401,13.55,0,13.2,13.35,478,0,2730,0
14,13.070000000000002,12.867500000000003,12.885000000000002,13.0,12.874999999999996,2016/12/19,13.2,1401,13.3,0,13.0,13.2,223,0,2718,0
15,13.010000000000002,12.859583333333337,12.882500000000002,12.98,12.847499999999997,2016/12/16,13.2,1401,13.2,0,13.05,13.1,84,0,2704,0
16,12.950000000000003,12.851666666666668,12.878333333333336,12.959999999999999,12.817499999999999,2016/12/15,13.05,1401,13.1,0,12.85,12.85,56,0,2700,0
17,12.930000000000001,12.845833333333335,12.87416666666667,12.95,12.789999999999997,2016/12/14,12.95,1401,13.0,0,12.9,13.0,82,0,2702,0
18,12.930000000000001,12.841250000000002,12.870000000000003,12.959999999999999,12.779999999999998,2016/12/13,12.95,1401,13.45,0,12.9,12.9,106,0,2671,0
19,12.930000000000001,12.836250000000003,12.866666666666669,12.95,12.7625,2016/12/12,12.9,1401,13.1,0,12.9,12.9,195,0,2640,0
20,12.95,12.83291666666667,12.863333333333337,12.904999999999998,12.739999999999998,2016/12/09,12.9,1401,13.0,0,12.8,12.8,27,0,2631,0
21,12.969999999999999,12.829583333333337,12.86416666666667,12.864999999999998,12.717499999999998,2016/12/08,12.95,1401,12.95,0,12.9,12.95,17,0,2640,0
22,12.969999999999999,12.825416666666671,12.863333333333337,12.829999999999998,12.709999999999997,2016/12/07,12.95,1401,12.95,0,12.9,12.95,7,0,2637,0
23,12.99,12.815833333333336,12.865000000000004,12.795,12.672499999999998,2016/12/06,12.95,1401,13.15,0,12.95,13.1,43,0,2639,0
24,12.969999999999999,12.807500000000003,12.868333333333336,12.75,12.672499999999998,2016/12/05,13.0,1401,13.05,0,12.75,12.8,31,0,2646,0
25,12.86,12.799583333333336,12.865000000000004,12.715,12.662499999999998,2016/12/02,13.0,1401,13.05,0,12.7,12.7,23,0,2649,1
26,12.76,12.79541666666667,12.862500000000004,12.675,12.647499999999997,2016/12/01,12.95,1401,13.2,0,12.95,13.2,74,0,2642,0
27,12.690000000000001,12.789166666666668,12.858333333333338,12.629999999999999,12.634999999999998,2016/11/30,13.05,1401,13.55,0,12.95,13.1,364,0,2644,0
28,12.6,12.780000000000003,12.858333333333338,12.6,12.634999999999998,2016/11/29,12.85,1404,12.9,0,12.4,12.4,56,0,2622,1
29,12.530000000000001,12.773333333333337,12.860000000000003,12.575,12.632499999999999,2016/11/28,12.45,1401,12.55,0,12.4,12.4,17,0,2623,1
30,12.57,12.768333333333336,12.867500000000003,12.575,12.655,2016/11/25,12.5,1402,12.6,0,12.5,12.55,9,0,2624,1
31,12.59,12.763333333333337,12.872500000000002,12.569999999999999,12.674999999999999,2016/11/24,12.6,1402,12.6,0,12.3,12.5,27,0,2625,1
32,12.57,12.759583333333335,12.87416666666667,12.59,12.7,2016/11/23,12.6,1401,12.8,0,12.55,12.55,18,0,2637,1
33,12.6,12.756250000000001,12.875833333333334,12.55,12.729999999999999,2016/11/22,12.5,1401,12.65,0,12.5,12.6,66,0,2642,1
34,12.620000000000001,12.753750000000002,12.875833333333334,12.595,12.759999999999998,2016/11/21,12.65,1401,12.65,0,12.45,12.45,25,0,2642,1
35,12.580000000000002,12.747083333333336,12.873333333333335,12.61,12.779999999999998,2016/11/18,12.6,1401,12.65,0,12.4,12.4,37,0,2642,1
36,12.55,12.74041666666667,12.871666666666668,12.620000000000001,12.792499999999999,2016/11/17,12.5,1401,12.75,0,12.45,12.7,29,0,2643,1
37,12.61,12.73416666666667,12.873333333333335,12.64,12.817499999999999,2016/11/16,12.75,1401,12.9,0,12.55,12.6,33,0,2644,1
38,12.5,12.724583333333335,12.875833333333334,12.67,12.8375,2016/11/15,12.6,1401,12.6,0,12.3,12.3,4,0,2646,1
39,12.570000000000002,12.716250000000002,12.875833333333334,12.690000000000001,12.844999999999999,2016/11/14,12.45,1401,12.45,0,12.45,12.45,32,0,2646,1
40,12.64,12.707083333333337,12.879166666666668,12.735000000000001,12.857499999999998,2016/11/11,12.45,1401,12.6,0,12.25,12.6,32,0,2656,1
41,12.690000000000001,12.697083333333335,12.881666666666668,12.780000000000001,12.865,2016/11/10,12.8,1401,12.85,0,12.8,12.8,15,0,2655,1
42,12.669999999999998,12.687083333333335,12.876666666666669,12.809999999999999,12.875,2016/11/09,12.2,1401,12.7,0,12.2,12.7,22,0,2654,1
43,12.84,12.681250000000002,12.883333333333335,12.91,12.915000000000001,2016/11/08,12.95,1402,12.95,0,12.65,12.8,23,0,2663,0
44,12.809999999999999,12.668333333333335,12.880833333333333,12.925,12.9125,2016/11/07,12.8,1404,13.15,0,12.7,12.8,39,0,2696,0
45,12.830000000000002,12.661666666666669,12.8825,12.95,12.930000000000001,2016/11/04,12.7,1404,12.7,0,12.6,12.7,16,0,2692,0
46,12.870000000000001,12.666666666666668,12.8875,12.965,12.95,2016/11/03,12.7,1404,13.05,0,12.7,13.05,8,0,2688,0
47,12.95,12.683750000000002,12.895833333333334,12.995,12.975,2016/11/02,13.05,1404,13.2,0,12.3,12.7,19,0,2687,0
48,12.98,12.695416666666668,12.896666666666668,13.005,12.975,2016/11/01,12.8,1401,12.95,0,12.8,12.95,6,0,2685,0
49,13.040000000000001,12.706666666666669,12.900000000000002,13.0,12.995,2016/10/31,12.9,1401,12.9,0,12.9,12.9,1,0,2683,0
50,13.070000000000002,12.716666666666669,12.904166666666669,12.98,13.007499999999999,2016/10/28,12.9,1401,12.95,0,12.7,12.9,32,0,2682,0
51,13.059999999999999,12.733750000000004,12.90916666666667,12.95,13.02,2016/10/27,13.1,1401,13.25,0,12.9,13.25,16,0,2671,0
52,13.040000000000001,12.748333333333337,12.910833333333336,12.940000000000001,13.030000000000001,2016/10/26,13.2,1401,13.2,0,13.0,13.0,15,0,2667,0
53,13.030000000000001,12.751250000000002,12.914166666666668,12.919999999999998,13.030000000000001,2016/10/25,13.1,1401,13.1,0,13.0,13.0,34,0,2664,0
54,12.959999999999999,12.752500000000001,12.920000000000003,12.9,13.020000000000001,2016/10/24,13.05,1401,13.15,0,12.9,13.15,24,0,2671,0
55,12.89,12.754583333333334,12.928333333333336,12.91,13.020000000000001,2016/10/21,12.85,1401,13.2,0,12.8,13.2,14,0,2681,0
56,12.84,12.757916666666668,12.935000000000002,12.934999999999999,13.025,2016/10/20,13.0,1402,13.05,0,12.85,13.05,72,0,2680,0
57,12.84,12.760833333333334,12.946666666666669,12.955000000000002,13.015,2016/10/19,13.15,1402,13.15,0,12.75,12.75,14,0,2707,0
58,12.809999999999999,12.76416666666667,12.952500000000004,12.944999999999999,12.992500000000001,2016/10/18,12.75,1402,12.8,0,12.75,12.8,4,0,2709,0
59,12.84,12.76666666666667,12.970000000000002,12.99,12.992500000000001,2016/10/17,12.7,1402,12.7,0,12.4,12.4,13,0,2707,0
60,12.930000000000001,12.770416666666668,12.967500000000001,13.035,12.992500000000001,2016/10/14,12.6,1401,13.15,0,12.35,13.15,154,0,2702,0
61,13.030000000000001,12.773333333333335,12.968333333333334,13.09,13.01,2016/10/13,13.0,1401,13.1,0,12.9,13.0,26,0,2795,0
62,13.069999999999999,12.775833333333335,12.959166666666668,13.12,13.005,2016/10/12,13.0,1401,13.15,0,12.95,13.15,14,0,2786,0
63,13.079999999999998,12.778333333333334,12.952499999999999,13.14,13.007500000000002,2016/10/11,12.9,1401,13.15,0,12.7,13.15,28,0,2784,0
64,13.14,12.78375,12.945833333333333,13.14,13.020000000000001,2016/10/07,13.15,1401,13.2,0,13.1,13.2,13,0,2781,0
65,13.14,12.78625,12.933333333333334,13.13,13.002500000000001,2016/10/06,13.1,1401,13.2,0,13.0,13.2,12,0,2774,0
66,13.150000000000002,12.79125,12.925,13.115,12.99,2016/10/05,13.2,1401,13.2,0,12.8,12.95,85,0,2775,0
67,13.170000000000002,12.788333333333334,12.922500000000001,13.075,12.965,2016/10/04,13.05,1401,13.35,0,13.0,13.2,37,0,2746,0
68,13.200000000000003,12.794583333333334,12.918333333333333,13.040000000000001,12.965,2016/10/03,13.2,1401,13.2,0,12.9,13.15,34,0,2738,0
69,13.14,12.789166666666667,12.910833333333333,12.995000000000001,12.9525,2016/09/30,13.15,1401,13.15,0,12.9,13.1,51,0,2720,0
70,13.120000000000001,12.784583333333334,12.900833333333333,12.95,12.940000000000001,2016/09/29,13.15,1401,13.4,0,13.1,13.35,27,0,2732,0
71,13.080000000000002,12.776250000000001,12.889999999999999,12.930000000000001,12.922500000000003,2016/09/26,13.3,1401,13.75,0,13.2,13.35,194,0,2730,0
72,12.98,12.765833333333335,12.875,12.89,12.892500000000002,2016/09/23,13.2,1408,13.3,0,12.9,12.9,197,0,2710,0
73,12.88,12.761666666666667,12.860833333333334,12.875,12.867500000000001,2016/09/22,12.9,1401,13.15,0,12.85,13.15,81,0,2590,0
74,12.85,12.759583333333333,12.85,12.9,12.8475,2016/09/21,13.05,1401,13.1,0,12.9,13.1,49,0,2565,1
75,12.780000000000001,12.755416666666667,12.836666666666666,12.875,12.819999999999999,2016/09/20,12.95,1401,13.15,0,12.85,12.9,43,0,2574,1
76,12.780000000000001,12.756666666666666,12.825,12.865,12.7975,2016/09/19,12.8,1401,12.8,0,12.7,12.8,18,1,2584,0
77,12.8,12.759583333333333,12.817499999999999,12.855,12.787499999999998,2016/09/14,12.7,1401,12.75,0,12.6,12.6,72,1,2584,0
78,12.870000000000001,12.770000000000001,12.8125,12.89,12.7975,2016/09/13,12.75,1401,12.75,0,12.6,12.75,21,1,2612,0
79,12.95,12.784583333333334,12.805833333333332,12.91,12.79,2016/09/12,12.7,1401,12.9,0,12.7,12.9,31,1,2613,0
80,12.970000000000002,12.802083333333334,12.8025,12.930000000000001,12.7875,2016/09/10,12.95,1401,12.95,0,12.7,12.95,49,0,2612,0
81,12.95,12.820833333333333,12.794999999999998,12.915000000000001,12.77,2016/09/09,12.9,1401,13.1,0,12.9,13.05,48,0,2619,0
82,12.91,12.828749999999998,12.7875,12.895,12.75,2016/09/08,13.05,1401,13.45,0,13.05,13.2,373,0,2612,0
83,12.91,12.824999999999998,12.766666666666667,12.86,12.7275,2016/09/07,13.15,1401,13.15,0,12.75,12.8,195,0,2523,0
84,12.87,12.817916666666664,12.746666666666666,12.795,12.709999999999999,2016/09/06,12.8,1401,13.25,0,12.65,12.75,77,0,2518,0
85,12.89,12.809999999999997,12.734166666666665,12.765,12.715,2016/09/05,12.85,1401,12.85,0,12.7,12.7,9,1,2520,0
86,12.88,12.806249999999999,12.728333333333332,12.73,12.7225,2016/09/02,12.7,1401,13.05,0,12.7,13.05,20,0,2521,0
87,12.88,12.805833333333332,12.719999999999999,12.72,12.747499999999999,2016/09/01,13.05,1402,13.05,0,12.6,12.6,46,0,2526,0
88,12.810000000000002,12.797916666666664,12.701666666666664,12.705000000000002,12.75,2016/08/31,12.95,1402,13.2,0,12.8,12.8,89,0,2529,0
89,12.72,12.78833333333333,12.686666666666666,12.67,12.7525,2016/08/30,12.9,1402,13.15,0,12.8,12.8,97,0,2536,0
90,12.64,12.779999999999998,12.669166666666666,12.645,12.764999999999999,2016/08/29,12.8,1402,12.8,0,12.7,12.7,16,2,2540,0
91,12.58,12.773333333333332,12.654166666666667,12.625,12.784999999999998,2016/08/26,12.7,1402,12.7,0,12.6,12.7,46,2,2536,0
92,12.559999999999999,12.76458333333333,12.645,12.605,12.809999999999997,2016/08/25,12.7,1402,13.1,0,12.5,12.5,90,0,2544,0
93,12.6,12.752083333333331,12.636666666666665,12.595,12.844999999999999,2016/08/24,12.5,1401,12.6,0,12.5,12.55,56,0,2546,0
94,12.620000000000001,12.740833333333333,12.631666666666666,12.625,12.892499999999998,2016/08/23,12.5,1401,12.6,0,12.5,12.5,33,0,2575,0
95,12.65,12.728749999999998,12.620833333333334,12.665000000000001,12.944999999999999,2016/08/22,12.5,1401,12.6,0,12.45,12.6,25,0,2578,0
96,12.67,12.714999999999998,12.609166666666669,12.715,12.982499999999998,2016/08/19,12.6,1401,12.9,0,12.6,12.85,52,0,2575,0
97,12.65,12.700833333333332,12.594999999999999,12.775000000000002,13.037499999999998,2016/08/18,12.9,1401,13.0,0,12.6,12.6,49,0,2552,0
98,12.59,12.685833333333331,12.573333333333332,12.795,13.067499999999999,2016/08/17,12.6,1401,12.75,0,12.55,12.7,85,0,2557,0
99,12.629999999999999,12.668333333333331,12.556666666666667,12.834999999999999,13.127499999999998,2016/08/16,12.65,1401,12.85,0,12.6,12.6,283,0,2574,0
100,12.68,12.649999999999999,12.535,12.885,13.122499999999999,2016/08/15,12.6,1401,12.7,0,12.5,12.7,58,0,2604,0
101,12.760000000000002,12.63375,12.512500000000001,12.944999999999999,13.124999999999996,2016/08/12,12.5,1407,12.55,0,12.4,12.4,169,0,2616,0
102,12.9,12.619583333333333,12.4975,13.015,13.122499999999999,2016/08/11,12.6,1407,13.05,0,12.55,13.0,240,0,2676,0
103,13.0,12.602916666666665,12.479166666666666,13.094999999999999,13.122499999999999,2016/08/10,12.8,1418,13.0,0,12.8,12.9,87,0,2657,0
104,13.040000000000001,12.584583333333333,12.455833333333334,13.16,13.107499999999998,2016/08/09,12.9,1418,12.95,0,12.85,12.9,159,0,2645,0
105,13.09,12.562499999999998,12.440833333333334,13.225,13.0825,2016/08/08,13.0,1438,13.4,0,12.95,13.3,278,0,2656,0
106,13.13,12.53833333333333,12.445833333333333,13.25,13.0625,2016/08/05,13.2,1438,13.5,0,13.1,13.1,462,0,2656,0
107,13.13,12.512499999999996,12.471666666666666,13.3,13.054999999999998,2016/08/04,13.1,1438,13.2,0,13.0,13.0,145,0,2657,0
108,13.190000000000001,12.488333333333332,12.494166666666667,13.34,13.040000000000001,2016/08/03,13.0,1438,13.15,0,13.0,13.1,142,0,2640,0
109,13.280000000000001,12.46583333333333,12.513333333333332,13.419999999999998,13.0275,2016/08/02,13.15,1440,13.5,0,13.05,13.05,691,0,2665,0
110,13.36,12.43958333333333,12.529166666666667,13.36,12.997499999999999,2016/08/01,13.2,1401,13.3,0,13.2,13.25,42,0,2639,0
111,13.37,12.412916666666662,12.558333333333334,13.305000000000001,12.9625,2016/07/29,13.2,1401,13.35,0,13.15,13.35,75,0,2645,0
112,13.469999999999999,12.386166666666663,12.585833333333333,13.23,12.9225,2016/07/28,13.4,1401,13.6,0,13.25,13.45,191,0,2656,0
113,13.49,12.357833333333328,12.588333333333333,13.15,12.87,2016/07/27,13.45,1401,13.9,0,13.4,13.55,260,0,2681,0
114,13.559999999999999,12.331583333333327,12.584999999999999,13.055000000000001,12.809999999999999,2016/07/26,13.55,1403,13.8,0,13.1,13.1,268,0,2684,0
115,13.36,12.304499999999994,12.580833333333333,12.940000000000001,12.745000000000001,2016/07/25,13.25,1403,13.8,0,13.05,13.8,395,9,2729,0
116,13.24,12.280333333333326,12.580833333333333,12.875,12.695,2016/07/22,13.7,1403,14.45,0,13.5,13.5,567,4,2758,1
117,12.99,12.252416666666658,12.574999999999998,12.809999999999999,12.627500000000001,2016/07/21,13.5,1412,13.95,0,13.35,13.85,1127,0,2782,0
118,12.809999999999999,12.228249999999992,12.57583333333333,12.739999999999998,12.572500000000002,2016/07/20,13.8,1423,13.8,0,12.5,12.55,1971,0,2911,93
119,12.55,12.203666666666658,12.56333333333333,12.635,12.5,2016/07/19,12.55,1440,12.65,0,12.55,12.65,55,0,2847,0
120,12.52,12.189083333333324,12.57333333333333,12.635,12.497499999999999,2016/07/18,12.65,1440,12.65,0,12.45,12.45,87,0,2875,0
121,12.51,12.174499999999991,12.578333333333331,12.62,12.489999999999998,2016/07/15,12.45,1440,12.75,0,12.45,12.65,94,0,2851,0
122,12.629999999999999,12.162416666666656,12.5925,12.614999999999998,12.489999999999998,2016/07/14,12.6,1440,12.8,0,12.6,12.6,346,0,2871,0
123,12.67,12.149083333333325,12.604166666666664,12.59,12.45,2016/07/13,12.5,1440,12.8,0,12.45,12.5,288,0,2872,0
124,12.72,12.138249999999992,12.621666666666666,12.565,12.4225,2016/07/12,12.4,1437,12.5,0,12.25,12.5,100,0,2878,0
125,12.75,12.129083333333323,12.639166666666664,12.549999999999999,12.405,2016/07/11,12.6,1437,12.75,0,12.2,12.75,236,0,2866,0
126,12.73,12.11824999999999,12.657499999999999,12.514999999999999,12.399999999999999,2016/07/07,13.05,1439,13.4,0,12.8,12.8,328,0,2784,0
127,12.6,12.102833333333326,12.654166666666665,12.444999999999999,12.3575,2016/07/06,12.8,1426,12.95,0,12.5,12.75,119,0,2771,0
128,12.51,12.086999999999993,12.67083333333333,12.405,12.315,2016/07/05,12.75,1426,12.8,0,12.65,12.75,90,0,2765,0
129,12.41,12.071583333333326,12.667499999999999,12.364999999999998,12.28,2016/07/04,12.55,1428,12.55,0,12.5,12.55,39,0,2757,0
130,12.35,12.058666666666658,12.668333333333331,12.36,12.245000000000001,2016/07/01,12.5,1429,12.75,0,12.45,12.5,129,0,2763,0
131,12.3,12.046999999999992,12.662499999999998,12.36,12.215,2016/06/30,12.4,1428,12.85,0,12.35,12.4,240,0,2728,0
132,12.290000000000001,12.036583333333324,12.656666666666665,12.364999999999998,12.202499999999999,2016/06/29,12.35,1426,12.65,0,12.3,12.3,94,1,2766,7
133,12.3,12.026583333333326,12.662499999999998,12.309999999999999,12.194999999999999,2016/06/28,12.25,1426,12.4,0,12.15,12.4,100,0,2809,7
134,12.32,12.01616666666666,12.669166666666664,12.28,12.192499999999999,2016/06/27,12.25,1426,12.25,0,12.1,12.1,21,0,2884,7
135,12.370000000000001,12.006999999999993,12.674166666666666,12.26,12.172499999999998,2016/06/24,12.25,1426,12.4,0,11.8,12.4,95,0,2874,7
136,12.42,11.997416666666659,12.688333333333333,12.285,12.149999999999999,2016/06/23,12.35,1433,12.4,0,12.3,12.4,23,0,2875,10
137,12.440000000000001,11.986166666666659,12.701666666666664,12.27,12.12,2016/06/22,12.4,1433,12.45,0,12.35,12.45,48,0,2871,10
138,12.32,11.975333333333326,12.727499999999997,12.225,12.079999999999998,2016/06/21,12.35,1433,12.65,0,12.35,12.5,40,0,2890,10
139,12.24,11.965333333333325,12.763333333333332,12.195,12.042499999999999,2016/06/20,12.5,1433,12.55,0,12.35,12.5,60,0,2947,10
140,12.15,11.953249999999993,12.801666666666666,12.129999999999999,11.984999999999998,2016/06/17,12.5,1433,12.8,0,12.45,12.7,183,1,2956,10
141,12.15,11.942416666666658,12.846666666666664,12.07,11.922499999999998,2016/06/16,12.45,1433,12.75,0,11.8,11.8,213,1,2984,20
142,12.1,11.932833333333326,12.87,12.04,11.879999999999999,2016/06/15,11.8,1432,12.05,0,11.8,12.0,57,2,2934,20
143,12.129999999999999,11.926999999999992,12.883333333333331,12.08,11.864999999999998,2016/06/14,11.95,1432,12.1,0,11.8,12.05,161,0,2957,20
144,12.15,11.92241666666666,12.889166666666666,12.105,11.837499999999999,2016/06/13,12.05,1434,12.1,0,11.95,12.1,73,0,2927,20
145,12.110000000000001,11.91616666666666,12.885833333333332,12.085,11.834999999999997,2016/06/08,12.5,1437,12.75,0,12.35,12.45,365,0,2912,20
146,11.989999999999998,11.904916666666658,12.884166666666665,12.015,11.874999999999998,2016/06/07,12.2,1438,12.4,0,11.95,11.95,65,0,2875,20
147,11.98,11.896583333333325,12.891666666666664,11.97,12.002499999999998,2016/06/06,11.95,1439,11.95,0,11.85,11.95,41,0,2911,20
148,12.03,11.890333333333327,12.894166666666667,11.934999999999999,12.127499999999998,2016/06/04,12.05,1440,12.05,0,11.9,11.95,38,0,2913,20
149,12.06,11.883666666666661,12.889999999999999,11.889999999999999,12.232499999999998,2016/06/03,11.85,1440,12.15,0,11.85,12.0,69,0,2914,10
150,12.06,11.880333333333327,12.890833333333331,11.84,12.344999999999999,2016/06/02,11.9,1434,12.2,0,11.9,12.15,49,1,2928,10
151,12.040000000000003,11.879499999999995,12.8925,11.774999999999999,12.497499999999999,2016/06/01,12.15,1435,12.3,0,12.0,12.2,90,0,2927,10
152,11.96,11.87491666666666,12.884166666666665,11.719999999999999,12.632499999999997,2016/05/31,12.2,1436,12.2,0,12.05,12.1,58,0,3060,10
153,11.84,11.867833333333328,12.8675,11.649999999999999,12.7,2016/05/30,12.2,1436,12.5,0,11.85,11.85,133,0,3038,10
154,11.72,11.864499999999994,12.849999999999998,11.569999999999999,12.7525,2016/05/27,11.85,1436,11.95,0,11.8,11.8,88,0,3025,10
155,11.620000000000001,11.863666666666662,12.836666666666666,11.584999999999997,12.825,2016/05/26,11.8,1436,12.0,0,11.7,11.7,73,0,3037,10
156,11.510000000000002,11.862833333333327,12.820833333333331,11.734999999999998,12.897499999999999,2016/05/25,11.75,1439,11.95,0,11.6,11.95,75,0,3037,10
157,11.48,11.861999999999995,12.806666666666667,12.034999999999998,12.977500000000001,2016/05/24,11.6,1438,11.6,0,11.45,11.5,58,0,3037,10
158,11.46,11.864083333333328,12.798333333333334,12.319999999999999,13.075,2016/05/23,11.6,1438,11.7,0,11.4,11.4,64,0,3032,10
159,11.42,11.864083333333328,12.779999999999998,12.575,13.147500000000003,2016/05/20,11.35,1435,11.45,0,11.15,11.25,94,0,3043,11
160,11.55,11.866166666666661,12.764999999999997,12.85,13.2375,2016/05/19,11.25,1439,11.6,0,11.25,11.55,122,0,3039,11
161,11.959999999999999,11.87116666666666,12.754999999999997,13.220000000000002,13.322500000000002,2016/05/18,11.6,1447,12.0,0,11.45,11.5,269,0,3032,11
162,12.59,11.87116666666666,12.741666666666664,13.544999999999998,13.407500000000002,2016/05/17,11.5,1466,11.7,0,11.5,11.6,351,0,3002,14
163,13.180000000000001,11.87241666666666,12.726666666666663,13.75,13.497499999999999,2016/05/16,11.4,1444,12.1,0,11.25,11.95,612,3,2966,13
164,13.73,11.87741666666666,12.713333333333331,13.934999999999999,13.604999999999999,2016/05/13,12.0,1401,13.0,0,12.0,12.7,628,12,2954,23
165,14.15,11.876166666666661,12.684166666666664,14.065000000000001,13.6775,2016/05/12,13.3,1401,14.4,0,13.3,14.4,712,0,2933,30
166,14.479999999999999,11.865333333333329,12.630833333333332,14.059999999999999,13.6975,2016/05/11,14.75,1429,15.25,0,14.55,14.95,712,0,2967,25
167,14.5,11.844916666666661,12.553333333333333,13.919999999999998,13.602500000000001,2016/05/10,14.45,1443,15.2,0,14.0,14.15,360,0,2984,27
168,14.319999999999999,11.826583333333328,12.482499999999998,13.829999999999998,13.569999999999999,2016/05/09,14.15,1439,14.6,0,13.85,14.1,292,0,3050,21
169,14.139999999999997,11.812833333333327,12.418333333333331,13.719999999999999,13.489999999999998,2016/05/06,14.1,1439,15.15,0,14.05,15.1,537,0,2984,11
170,13.979999999999999,11.801583333333328,12.349999999999998,13.624999999999996,13.415000000000001,2016/05/05,14.95,1491,15.1,0,14.35,14.8,821,0,2857,27
171,13.64,11.780333333333326,12.267499999999997,13.424999999999997,13.275,2016/05/04,14.85,1534,14.9,0,13.6,13.65,1455,0,2788,15
172,13.34,11.756999999999994,12.186499999999997,13.27,13.135000000000002,2016/05/03,13.55,1494,13.55,0,13.25,13.25,82,0,2594,0
173,13.34,11.74366666666666,12.12733333333333,13.245,13.092500000000001,2016/04/29,13.25,1485,13.5,0,13.15,13.15,191,1,2613,0
174,13.3,11.731999999999994,12.078166666666664,13.274999999999997,13.0625,2016/04/28,13.3,1485,13.35,0,13.2,13.2,71,0,2537,0
175,13.270000000000001,11.722833333333329,12.028166666666664,13.289999999999997,13.025,2016/04/27,13.25,1485,13.55,0,13.2,13.25,87,0,2525,0
176,13.209999999999999,11.714083333333328,11.97983333333333,13.334999999999999,13.017500000000002,2016/04/26,13.35,1485,13.95,0,13.35,13.7,914,0,2514,0
177,13.2,11.704499999999996,11.929833333333331,13.285,13.007500000000002,2016/04/25,13.55,1467,13.55,0,12.95,12.95,238,0,2419,0
178,13.15,11.691999999999997,11.880666666666665,13.309999999999999,13.0275,2016/04/22,13.05,1447,13.3,0,12.9,13.15,112,0,2499,0
179,13.25,11.685749999999995,11.844,13.26,13.1,2016/04/21,13.15,1468,13.35,0,12.95,12.95,188,0,2499,0
180,13.309999999999999,11.676166666666662,11.804833333333333,13.204999999999998,13.1825,2016/04/20,12.95,1433,13.4,0,12.95,13.4,148,0,2480,0
181,13.459999999999999,11.667416666666663,11.770666666666667,13.125,13.294999999999998,2016/04/19,13.3,1459,13.55,0,13.3,13.55,114,0,2458,0
182,13.37,11.655333333333328,11.732333333333335,13.0,13.3225,2016/04/18,13.3,1465,13.55,0,13.2,13.3,168,0,2497,0
183,13.469999999999999,11.640749999999995,11.693999999999999,12.940000000000001,13.2875,2016/04/15,13.55,1465,14.0,0,13.45,13.55,242,1,2525,0
184,13.27,11.624083333333328,11.654833333333334,12.85,13.225,2016/04/14,13.45,1476,13.9,0,13.25,13.85,504,0,2576,1
185,13.099999999999998,11.607416666666662,11.619,12.76,13.145,2016/04/13,13.7,1475,13.9,0,12.95,13.05,528,0,2505,2
186,12.79,11.588249999999995,11.579,12.7,13.080000000000002,2016/04/12,12.85,1455,14.25,0,12.55,14.25,680,2,2489,0
187,12.629999999999999,11.57616666666666,11.5515,12.73,13.070000000000002,2016/04/11,13.8,1523,13.8,0,13.8,13.8,141,0,2362,0
188,12.41,11.55616666666666,11.503166666666667,12.745000000000001,12.985,2016/04/08,12.55,1523,12.8,0,12.4,12.6,108,0,2370,0
189,12.430000000000001,11.545749999999995,11.475666666666667,12.940000000000001,12.9475,2016/04/07,12.6,1522,12.85,0,12.2,12.2,720,0,2403,4
190,12.420000000000002,11.535749999999995,11.449000000000002,13.160000000000002,12.9125,2016/04/06,12.15,1401,12.15,0,11.9,12.05,147,1,2405,10
191,12.61,11.529083333333327,11.4315,13.465,12.905000000000001,2016/04/01,12.05,1401,12.5,0,12.0,12.5,480,1,2413,10
192,12.830000000000002,11.519916666666662,11.416500000000001,13.645000000000001,12.885,2016/03/31,12.7,1402,12.9,0,12.7,12.85,228,0,2513,11
193,13.080000000000002,11.502833333333326,11.390666666666668,13.635,12.809999999999999,2016/03/30,12.65,1402,13.0,0,12.5,12.5,496,0,2520,13
194,13.45,11.485749999999994,11.363166666666666,13.6,12.735000000000001,2016/03/29,12.55,1401,13.3,0,12.45,13.3,471,1,2530,14
195,13.9,11.464166666666662,11.339833333333333,13.530000000000001,12.66,2016/03/28,13.1,1402,13.5,0,13.05,13.15,498,2,2538,21
196,14.319999999999999,11.446666666666662,11.3065,13.460000000000003,12.547500000000001,2016/03/25,13.15,1401,14.2,0,13.15,14.1,823,2,2542,26
197,14.459999999999999,11.428749999999996,11.270666666666667,13.410000000000002,12.435,2016/03/24,13.95,1401,14.8,0,13.75,14.8,648,0,2526,23
198,14.190000000000001,11.405833333333328,11.223166666666668,13.225,12.2925,2016/03/23,14.5,1411,15.1,0,14.25,15.0,1003,0,2566,21
199,13.75,11.379166666666663,11.167333333333334,12.955000000000002,12.092500000000001,2016/03/22,14.8,1431,16.5,0,14.75,15.4,2291,4,2611,16
200,13.16,11.34958333333333,11.104833333333334,12.665000000000001,11.875,2016/03/21,15.2,1469,15.2,0,14.2,14.75,2500,0,2537,13
201,12.600000000000001,11.318749999999996,11.038166666666665,12.345,11.6475,2016/03/18,13.85,1524,13.85,0,12.75,12.75,1271,0,2292,10
202,12.360000000000001,11.298333333333328,10.995666666666667,12.125,11.495000000000001,2016/03/17,12.6,1551,12.65,0,12.3,12.55,178,0,2106,0
203,12.260000000000002,11.287083333333328,10.970666666666666,11.985,11.395,2016/03/16,12.3,1551,12.3,0,11.9,12.05,86,0,2104,0
204,12.16,11.278333333333329,10.955666666666666,11.870000000000001,11.309999999999999,2016/03/15,11.85,1551,12.4,0,11.8,12.4,187,1,2130,0
205,12.17,11.273749999999994,10.946499999999999,11.790000000000001,11.23,2016/03/14,12.4,1551,12.85,0,12.2,12.85,99,0,2168,0
206,12.09,11.264583333333327,10.925666666666666,11.635,11.114999999999998,2016/03/11,12.65,1551,13.0,0,12.1,12.1,275,0,2157,5
207,11.889999999999999,11.250833333333327,10.901499999999999,11.459999999999999,10.9875,2016/03/10,12.1,1557,12.1,0,11.75,11.75,116,0,2167,5
208,11.709999999999997,11.24041666666666,10.8865,11.36,10.8925,2016/03/09,11.8,1551,11.95,0,11.75,11.95,67,0,2168,5
209,11.579999999999998,11.23166666666666,10.87733333333333,11.23,10.817499999999999,2016/03/08,11.9,1551,11.95,0,11.7,11.95,100,0,2175,10
210,11.41,11.222083333333327,10.869833333333332,11.084999999999999,10.7225,2016/03/07,12.0,1557,12.2,0,11.6,11.7,142,0,2208,10
211,11.180000000000001,11.21166666666666,10.866499999999998,10.95,10.6225,2016/03/04,11.65,1551,11.8,0,11.2,11.2,180,0,2204,10
212,11.030000000000001,11.20541666666666,10.865666666666666,10.865,10.5395,2016/03/03,11.2,1551,11.3,0,11.05,11.15,56,0,2215,0
213,11.01,11.203333333333326,10.868166666666667,10.805,10.4795,2016/03/02,11.15,1551,11.3,0,11.0,11.3,92,0,2220,0
214,10.88,11.201666666666659,10.879,10.75,10.437000000000001,2016/03/01,11.05,1551,11.15,0,10.75,11.0,65,0,2193,0
215,10.76,11.20041666666666,10.890666666666668,10.67,10.3995,2016/02/26,10.85,1551,11.1,0,10.7,11.1,71,0,2185,0
216,10.719999999999999,11.199999999999994,10.904833333333332,10.595,10.374500000000001,2016/02/25,10.9,1551,11.2,0,10.85,11.1,177,0,2185,0
217,10.7,11.19666666666666,10.917333333333334,10.515,10.347,2016/02/24,11.1,1551,11.3,0,10.4,10.4,338,0,2155,0
218,10.6,11.189999999999994,10.929833333333333,10.425,10.322,2016/02/23,10.5,1554,10.6,0,10.4,10.6,132,0,2144,0
219,10.620000000000001,11.187499999999995,10.948166666666667,10.405000000000001,10.3395,2016/02/22,10.45,1554,10.75,0,10.4,10.7,92,0,2136,0
220,10.580000000000002,11.184583333333327,10.967333333333334,10.360000000000001,10.357000000000001,2016/02/19,10.65,1556,10.85,0,10.45,10.85,62,0,2072,0
221,10.47,11.18666666666666,10.987333333333336,10.295,10.3695,2016/02/18,10.8,1556,10.8,0,10.4,10.65,180,0,2048,0
222,10.33,11.19041666666666,11.000666666666667,10.214,10.3795,2016/02/17,10.6,1559,10.7,0,10.5,10.7,44,0,1987,0
223,10.25,11.195416666666661,11.018166666666668,10.154,10.3995,2016/02/16,10.6,1559,10.6,0,10.4,10.4,78,0,1987,0
224,10.190000000000001,11.202083333333329,11.041500000000001,10.124,10.429499999999999,2016/02/15,10.25,1564,10.3,0,10.1,10.1,128,0,1966,0
225,10.14,11.21208333333333,11.068166666666666,10.129000000000001,10.482,2016/02/03,10.1,1564,10.1,0,10.0,10.0,11,0,1992,0
226,10.120000000000001,11.227083333333331,11.099833333333335,10.154,10.541999999999998,2016/02/02,10.1,1564,10.1,0,10.0,10.05,29,0,1989,0
227,10.098,11.241249999999999,11.136500000000002,10.179,10.597,2016/02/01,10.2,1564,10.35,0,10.0,10.35,28,0,1985,0
228,10.058000000000002,11.253749999999998,11.170666666666667,10.219,10.632000000000001,2016/01/30,10.3,1564,10.3,0,10.0,10.0,16,0,1977,0
229,10.058000000000002,11.261666666666665,11.207333333333334,10.274,10.662,2016/01/29,10.0,1564,10.05,0,9.95,10.0,47,0,1976,0
230,10.118,11.268749999999999,11.253166666666667,10.354,10.712,2016/01/28,10.0,1551,10.0,0,10.0,10.0,21,0,1987,0
231,10.187999999999999,11.273749999999998,11.293166666666668,10.443999999999999,10.767,2016/01/27,9.99,1551,10.0,0,9.81,10.0,58,0,1973,0
232,10.26,11.27883333333333,11.327499999999999,10.544999999999998,10.825,2016/01/26,10.0,1552,10.2,0,9.99,10.2,56,0,1950,0
233,10.379999999999999,11.284666666666663,11.360000000000001,10.645,10.8825,2016/01/25,10.3,1552,10.3,0,10.2,10.25,56,0,1927,0
234,10.49,11.285499999999997,11.385833333333334,10.734999999999996,10.9175,2016/01/22,10.3,1552,10.3,0,10.25,10.3,20,0,1905,0
235,10.59,11.2905,11.417500000000002,10.834999999999997,10.959999999999999,2016/01/21,10.35,1552,10.4,0,10.25,10.3,26,0,1897,0
236,10.7,11.295083333333334,11.448333333333336,10.929999999999996,10.997499999999999,2016/01/20,10.35,1552,10.45,0,10.25,10.45,59,0,1900,0
237,10.830000000000002,11.298833333333334,11.47916666666667,11.014999999999997,11.03,2016/01/19,10.6,1552,10.7,0,10.5,10.65,34,0,1894,0
238,10.91,11.300500000000001,11.503333333333336,11.044999999999998,11.055,2016/01/18,10.85,1552,10.85,0,10.7,10.7,20,0,1876,0
239,10.979999999999999,11.300083333333335,11.527500000000002,11.05,11.07,2016/01/15,10.8,1552,10.85,0,10.6,10.8,24,0,1879,0
240,11.079999999999998,11.303833333333335,11.547500000000003,11.07,11.0825,2016/01/14,10.9,1552,10.9,0,10.3,10.75,20,0,1877,0
241,11.16,11.308833333333334,11.564166666666669,11.09,11.0975,2016/01/13,11.0,1552,11.0,0,11.0,11.0,0,0,1882,0
242,11.2,11.313,11.578333333333335,11.105,11.1125,2016/01/12,11.0,1552,11.0,0,10.9,10.9,20,0,1882,0
243,11.179999999999998,11.317166666666669,11.587500000000002,11.120000000000001,11.117500000000001,2016/01/11,11.2,1552,11.4,0,11.0,11.4,70,0,1877,0
244,11.12,11.320083333333338,11.593333333333334,11.100000000000001,11.127500000000001,2016/01/08,11.3,1554,11.3,0,11.1,11.1,77,0,1856,0
245,11.059999999999999,11.322583333333336,11.595833333333335,11.085,11.127500000000001,2016/01/07,11.3,1553,11.3,0,10.95,11.05,429,0,1853,0
246,11.02,11.329250000000004,11.597500000000002,11.065000000000001,11.120000000000001,2016/01/06,11.2,1553,11.2,0,10.65,10.65,47,0,1855,0
247,11.01,11.335500000000003,11.600833333333334,11.045,11.120000000000001,2016/01/05,10.9,1551,10.9,0,10.6,10.65,14,0,1865,0
248,11.059999999999999,11.34466666666667,11.609166666666669,11.065,11.135000000000002,2016/01/04,10.9,1551,10.9,0,10.8,10.8,16,0,1876,0
249,11.08,11.355500000000003,11.615833333333335,11.09,11.1525,2015/12/31,11.0,1551,11.0,0,10.9,10.9,14,0,1883,0
250,11.11,11.371750000000002,11.622500000000002,11.094999999999999,11.175,2015/12/30,11.1,1551,11.1,0,10.9,10.9,20,0,1871,0
251,11.11,11.383000000000003,11.626666666666669,11.105,11.21,2015/12/29,11.15,1551,11.15,0,11.15,11.15,0,0,1876,0
252,11.08,11.393416666666669,11.623333333333335,11.12,11.232500000000002,2015/12/28,11.15,1551,11.15,0,10.9,10.9,35,0,1876,0
253,11.07,11.407583333333337,11.615000000000002,11.114999999999998,11.242500000000001,2015/12/25,11.0,1551,11.15,0,11.0,11.15,14,0,1876,0
254,11.1,11.423000000000004,11.608333333333336,11.155,11.282500000000002,2015/12/24,11.15,1551,11.15,0,10.95,11.05,95,0,1874,0
255,11.080000000000002,11.436750000000002,11.588500000000002,11.169999999999998,11.312500000000002,2015/12/23,11.1,1551,11.1,0,10.95,11.0,19,0,1873,0
256,11.1,11.451333333333336,11.586833333333335,11.175,11.342500000000001,2015/12/22,11.0,1551,11.1,0,11.0,11.1,5,0,1873,0
257,11.16,11.464250000000002,11.586833333333335,11.195,11.375000000000002,2015/12/21,11.1,1551,11.1,0,11.1,11.1,1,0,1873,0
258,11.16,11.47591666666667,11.588500000000002,11.205000000000002,11.412500000000001,2015/12/18,11.15,1551,11.15,0,10.9,11.0,16,0,1873,0
259,11.209999999999999,11.487166666666669,11.591000000000001,11.215,11.435,2015/12/17,11.05,1551,11.2,0,11.05,11.2,46,0,1876,0
260,11.26,11.498833333333335,11.594333333333335,11.255,11.4625,2015/12/16,11.2,1551,11.2,0,11.05,11.1,24,0,1872,0
261,11.25,11.51091666666667,11.599333333333334,11.315000000000001,11.495000000000001,2015/12/15,11.3,1551,11.3,0,11.3,11.3,3,0,1871,0
262,11.23,11.522583333333335,11.601,11.345000000000002,11.51,2015/12/14,11.1,1551,11.1,0,11.0,11.0,7,0,1869,0
263,11.25,11.535083333333336,11.6035,11.370000000000001,11.5375,2015/12/11,11.4,1551,11.4,0,11.2,11.3,36,0,1869,0
264,11.219999999999999,11.54466666666667,11.601,11.41,11.567499999999999,2015/12/10,11.3,1551,11.3,0,11.0,11.0,37,0,1875,0
265,11.25,11.555083333333336,11.601,11.455000000000002,11.595,2015/12/09,11.15,1551,11.2,0,11.05,11.05,14,0,1870,0
266,11.38,11.566750000000004,11.603500000000002,11.510000000000002,11.6375,2015/12/08,11.2,1551,11.3,0,11.2,11.2,26,0,1878,0
267,11.459999999999999,11.57716666666667,11.600166666666668,11.555000000000001,11.692499999999999,2015/12/07,11.2,1551,11.3,0,11.2,11.3,30,0,1881,0
268,11.49,11.587583333333336,11.594333333333337,11.620000000000001,11.745,2015/12/04,11.25,1551,11.45,0,11.2,11.3,36,0,1868,0
269,11.6,11.596333333333336,11.586000000000004,11.655,11.8075,2015/12/03,11.45,1551,11.8,0,11.35,11.8,56,0,1859,0
270,11.66,11.603000000000003,11.574333333333337,11.669999999999998,11.872499999999999,2015/12/02,11.8,1551,11.8,0,11.6,11.6,20,0,1819,0
271,11.64,11.605083333333337,11.556833333333337,11.674999999999999,11.9025,2015/12/01,11.6,1551,11.6,0,11.35,11.35,16,0,1825,0
272,11.65,11.60841666666667,11.545166666666669,11.674999999999999,11.925,2015/11/30,11.35,1551,11.5,0,11.35,11.5,8,0,1832,0
273,11.75,11.618416666666668,11.538500000000003,11.705,11.955,2015/11/27,11.8,1551,11.8,0,11.75,11.75,7,0,1849,0
274,11.71,11.630500000000003,11.524333333333335,11.724999999999998,11.9575,2015/11/26,11.75,1551,11.75,0,11.4,11.4,12,0,1845,0
275,11.680000000000001,11.643416666666669,11.510166666666668,11.735,11.979999999999999,2015/11/25,11.7,1551,11.7,0,11.5,11.5,5,0,1846,0
276,11.71,11.66091666666667,11.495166666666668,11.764999999999999,12.004999999999999,2015/11/24,11.65,1551,11.7,0,11.65,11.65,16,0,1859,0
277,11.7,11.67966666666667,11.476000000000003,11.829999999999998,12.032499999999997,2015/11/23,11.85,1551,11.9,0,11.55,11.55,47,0,1861,0
278,11.66,11.69716666666667,11.450166666666668,11.87,12.042499999999999,2015/11/20,11.6,1551,11.75,0,11.5,11.5,31,0,1870,0
279,11.74,11.717583333333335,11.426833333333336,11.959999999999999,12.077499999999999,2015/11/19,11.6,1551,11.7,0,11.6,11.7,10,0,1865,0
280,11.790000000000001,11.737583333333335,11.401833333333336,12.075,12.0975,2015/11/18,11.85,1551,11.85,0,11.6,11.6,7,0,1861,0
281,11.82,11.754666666666669,11.386000000000001,12.129999999999999,12.099999999999998,2015/11/17,11.6,1551,11.75,0,11.6,11.7,11,0,1861,0
282,11.96,11.774666666666668,11.380166666666668,12.175,12.112499999999999,2015/11/16,11.65,1551,11.65,0,11.5,11.65,16,0,1859,0
283,12.08,11.794666666666668,11.372666666666667,12.205,12.107499999999998,2015/11/13,12.0,1551,12.0,0,11.45,11.45,11,0,1854,0
284,12.18,11.812166666666668,11.362666666666666,12.190000000000001,12.084999999999997,2015/11/12,11.85,1551,11.9,0,11.6,11.85,17,0,1857,0
285,12.36,11.832166666666668,11.356,12.225,12.065,2015/11/11,12.0,1551,12.1,0,11.75,12.1,35,0,1851,0
286,12.440000000000001,11.850500000000002,11.354333333333333,12.245000000000001,12.035,2015/11/10,12.3,1551,12.4,0,11.9,12.0,22,0,1859,0
287,12.39,11.866333333333335,11.346,12.235000000000001,11.989999999999998,2015/11/09,12.25,1551,12.45,0,12.15,12.45,8,0,1865,0
288,12.330000000000002,11.886333333333337,11.336833333333335,12.215,11.9475,2015/11/06,12.5,1551,12.65,0,12.1,12.65,72,0,1861,0
289,12.200000000000001,11.90716666666667,11.316,12.195,11.8875,2015/11/05,12.75,1552,12.8,0,12.3,12.3,16,0,1875,0
290,12.09,11.928416666666667,11.284333333333334,12.120000000000001,11.82,2015/11/04,12.4,1552,12.5,0,12.1,12.15,78,0,1874,0
291,12.05,11.95091666666667,11.254333333333335,12.07,11.7675,2015/11/03,12.05,1552,12.15,0,11.85,12.0,60,0,1862,0
292,12.079999999999998,11.973000000000004,11.230166666666669,12.05,11.712499999999999,2015/11/02,11.95,1552,11.95,0,11.85,11.95,15,0,1877,0
293,12.1,11.998833333333335,11.209333333333337,12.01,11.647499999999999,2015/10/30,11.85,1552,12.2,0,11.85,12.2,40,0,1877,0
294,12.190000000000001,12.027583333333334,11.18516666666667,11.98,11.584999999999999,2015/10/29,12.2,1553,12.6,0,12.2,12.2,134,0,1883,2
295,12.15,12.053416666666667,11.1635,11.905,11.473,2015/10/28,12.2,1553,12.25,0,12.1,12.25,36,0,1883,2
296,12.09,12.077583333333335,11.141833333333333,11.825,11.413,2015/10/27,12.2,1554,12.25,0,11.8,11.9,45,0,1876,2
297,12.02,12.102166666666667,11.1185,11.745000000000001,11.353000000000002,2015/10/26,12.05,1554,12.2,0,12.0,12.2,48,0,1892,2
298,11.919999999999998,12.123416666666667,11.097666666666665,11.680000000000001,11.310500000000001,2015/10/23,12.3,1554,12.5,0,11.95,12.1,128,0,1878,2
299,11.77,12.143416666666669,11.072666666666665,11.580000000000002,11.2605,2015/10/22,12.0,1556,12.4,0,11.7,11.7,166,0,1866,2
300,11.66,12.143416666666669,11.060166666666666,11.520000000000001,11.223,2015/10/21,11.9,1554,12.0,0,11.85,11.85,47,0,1848,10
301,11.559999999999999,12.143416666666669,11.053499999999998,11.465000000000002,11.203000000000001,2015/10/20,11.85,1554,11.9,0,11.45,11.5,99,0,1851,0
302,11.470000000000002,12.143416666666669,11.047666666666665,11.375000000000002,11.1805,2015/10/19,11.55,1554,11.7,0,11.35,11.6,28,0,1835,0
303,11.440000000000001,12.143416666666669,11.046833333333332,11.285000000000002,11.165500000000002,2015/10/16,11.55,1555,11.6,0,11.25,11.25,50,0,1836,0
304,11.39,12.143416666666669,11.046833333333332,11.190000000000001,11.150500000000001,2015/10/15,11.45,1555,11.5,0,11.35,11.4,32,0,1859,0
305,11.379999999999999,12.143416666666669,11.049333333333331,11.041,11.143,2015/10/14,11.4,1555,11.55,0,11.3,11.55,25,0,1868,0
306,11.370000000000001,12.143416666666669,11.060999999999998,11.001000000000001,11.138000000000002,2015/10/13,11.4,1555,11.7,0,11.4,11.6,27,0,1873,0
307,11.28,12.143416666666669,11.070166666666665,10.961,11.118,2015/10/12,11.4,1555,11.5,0,11.3,11.3,68,0,1872,0
308,11.129999999999999,12.143416666666669,11.080166666666663,10.940999999999999,11.0905,2015/10/08,11.3,1554,11.4,0,11.15,11.4,32,0,1863,0
309,10.989999999999998,12.143416666666669,11.095166666666666,10.940999999999999,11.062999999999999,2015/10/07,11.4,1553,11.4,0,11.15,11.35,21,0,1865,0
310,10.702,12.143416666666669,11.120999999999999,10.925999999999998,11.0305,2015/10/06,11.35,1553,11.4,0,10.85,10.85,72,0,1864,0
311,10.632000000000001,12.143416666666669,11.139333333333331,10.940999999999999,11.000499999999999,2015/10/05,10.95,1553,11.0,0,10.8,10.8,14,0,1895,0
312,10.642,12.143416666666669,11.163499999999999,10.986,10.998000000000001,2015/10/02,10.65,1546,10.7,0,10.6,10.65,22,0,1904,0
313,10.752,12.143416666666669,11.200166666666664,11.046000000000001,11.013,2015/10/01,10.6,1541,10.6,0,10.3,10.35,43,0,1910,0
314,10.892,12.143416666666669,11.237666666666664,11.111,11.0305,2015/09/30,9.96,1535,10.85,0,9.96,10.8,47,0,1950,0
315,11.15,12.143416666666669,11.284999999999998,11.245000000000001,11.077499999999999,2015/09/25,11.0,1535,11.0,0,11.0,11.0,1,0,1973,0
316,11.25,12.143416666666669,11.31583333333333,11.275,11.067499999999999,2015/09/24,11.0,1535,11.0,0,10.9,10.9,24,0,1982,0
317,11.329999999999998,12.143416666666669,11.341666666666665,11.275,11.0425,2015/09/23,11.2,1535,11.25,0,11.0,11.25,24,0,1985,0
318,11.34,12.143416666666669,11.363333333333332,11.239999999999998,10.9975,2015/09/22,11.3,1535,11.3,0,11.2,11.2,20,0,2001,0
319,11.33,12.143416666666669,11.383333333333331,11.184999999999999,10.942499999999999,2015/09/21,11.25,1535,11.25,0,11.2,11.25,30,0,2001,0
320,11.34,12.143416666666669,11.40333333333333,11.135,10.885,2015/09/18,11.5,1535,11.5,0,11.15,11.25,34,0,1983,0
321,11.3,12.143416666666669,11.422499999999996,11.059999999999999,10.854999999999999,2015/09/17,11.4,1535,11.4,0,11.25,11.3,37,0,1999,0
322,11.219999999999999,12.143416666666669,11.444166666666664,11.01,10.8475,2015/09/16,11.25,1535,11.25,0,11.1,11.2,11,0,2019,0
323,11.14,12.143416666666669,11.466666666666665,10.979999999999999,10.844999999999999,2015/09/15,11.25,1535,11.25,0,11.05,11.05,7,0,2017,0
324,11.040000000000001,12.143416666666669,11.488333333333333,10.95,10.8525,2015/09/14,11.3,1535,11.3,0,11.05,11.3,32,0,2022,0
325,10.93,12.143416666666669,11.509166666666665,10.91,10.859999999999998,2015/09/11,11.3,1535,11.3,0,10.9,11.1,123,0,2010,0
326,10.82,12.143416666666669,11.53,10.86,10.889999999999999,2015/09/10,11.0,1525,11.0,0,10.85,10.85,47,0,2030,0
327,10.8,12.143416666666669,11.554166666666665,10.809999999999999,10.929999999999998,2015/09/09,10.85,1520,10.85,0,10.7,10.85,55,0,2045,0
328,10.819999999999999,12.143416666666669,11.580833333333333,10.754999999999999,10.9725,2015/09/08,10.75,1504,10.75,0,10.55,10.55,27,0,2048,0
329,10.86,12.143416666666669,11.606666666666664,10.7,10.997499999999999,2015/09/07,10.75,1499,10.75,0,10.65,10.7,14,0,2040,0
330,10.889999999999999,12.143416666666669,11.631666666666664,10.635,11.0025,2015/09/04,10.75,1489,10.9,0,10.65,10.9,72,0,2045,0
331,10.900000000000002,12.143416666666669,11.653333333333332,10.65,10.995,2015/09/03,10.9,1474,10.9,0,10.75,10.85,51,0,2054,0
332,10.82,12.143416666666669,11.671666666666665,10.684999999999999,10.979999999999999,2015/09/02,10.95,1474,10.95,0,10.8,10.8,26,0,2012,0
333,10.69,12.143416666666669,11.698333333333332,10.709999999999999,10.967499999999998,2015/09/01,10.95,1459,11.0,0,10.9,10.9,13,0,2012,0
334,10.54,12.143416666666669,11.736666666666666,10.754999999999999,10.94,2015/08/31,10.9,1449,10.9,0,10.55,10.8,21,2,2015,0
335,10.379999999999999,12.143416666666669,11.776666666666667,10.809999999999999,10.94,2015/08/28,10.8,1434,10.85,0,10.6,10.6,23,2,2017,0
336,10.4,12.143416666666669,11.826666666666666,10.919999999999998,10.944999999999999,2015/08/27,10.5,1428,10.6,0,10.35,10.45,40,2,2023,0
337,10.55,12.143416666666669,11.883333333333333,11.049999999999999,10.959999999999999,2015/08/26,10.3,1413,10.3,0,10.2,10.2,24,2,2035,0
338,10.73,12.143416666666669,11.944166666666666,11.19,10.985,2015/08/25,10.2,1398,10.2,0,9.09,9.09,246,2,2037,0
339,10.969999999999999,12.143416666666669,12.008333333333333,11.294999999999998,11.015,2015/08/24,10.1,1274,10.25,0,10.1,10.2,195,2,2177,0
340,11.239999999999998,12.143416666666669,12.073333333333332,11.37,11.072500000000002,2015/08/21,10.9,1234,10.9,0,10.6,10.9,35,2,2352,0
341,11.439999999999998,12.143416666666669,12.123333333333333,11.34,11.102500000000003,2015/08/20,11.25,1219,11.25,0,10.85,10.85,12,2,2350,0
342,11.55,12.143416666666669,12.169166666666666,11.275,11.115000000000002,2015/08/19,11.2,1214,11.3,0,11.1,11.3,51,2,2350,1
343,11.65,12.143416666666669,12.216666666666665,11.225,11.13,2015/08/18,11.4,1197,11.45,0,11.25,11.45,33,2,2362,1
344,11.620000000000001,12.143416666666669,12.261666666666665,11.125,11.137500000000001,2015/08/17,11.45,1192,12.2,0,11.15,11.9,134,2,2362,3
345,11.500000000000002,12.143416666666669,12.308333333333332,11.069999999999999,11.145000000000001,2015/08/14,11.9,1177,12.2,0,11.65,11.8,111,2,2403,3
346,11.239999999999998,12.143416666666669,12.346666666666666,10.969999999999999,11.155000000000001,2015/08/13,11.8,1162,12.2,0,11.45,11.7,135,2,2416,2
347,11.0,12.143416666666669,12.386666666666667,10.87,11.162500000000001,2015/08/12,11.7,1147,11.85,0,11.15,11.15,97,2,2469,2
348,10.8,12.143416666666669,12.435833333333333,10.779999999999998,11.177500000000002,2015/08/11,11.25,1137,11.3,0,10.85,10.85,108,2,2457,0
349,10.629999999999999,12.143416666666669,12.498333333333333,10.734999999999998,11.225000000000001,2015/08/10,10.85,1130,10.85,0,10.4,10.5,22,2,2389,0
350,10.639999999999999,12.143416666666669,12.572499999999998,10.774999999999999,11.330000000000002,2015/08/07,10.6,1127,10.6,0,10.45,10.6,36,2,2389,0
351,10.7,12.143416666666669,12.647499999999999,10.864999999999998,11.422500000000003,2015/08/06,10.6,1112,10.65,0,10.25,10.65,19,2,2395,0
352,10.74,12.143416666666669,12.715833333333332,10.955,11.512500000000003,2015/08/05,10.7,1101,10.7,0,10.2,10.2,17,2,2405,0
353,10.76,12.143416666666669,12.78833333333333,11.035,11.620000000000003,2015/08/04,10.4,1101,10.85,0,10.2,10.85,57,2,2406,0
354,10.84,12.143416666666669,12.869999999999997,11.149999999999999,11.742500000000003,2015/08/03,10.9,1088,10.9,0,10.4,10.4,47,2,2425,0
355,10.91,12.143416666666669,12.94333333333333,11.219999999999999,11.837500000000002,2015/07/31,10.9,1088,10.9,0,10.55,10.55,19,2,2432,0
356,11.030000000000001,12.143416666666669,13.01333333333333,11.34,11.935000000000002,2015/07/30,10.8,1088,10.8,0,10.65,10.65,24,2,2434,0
357,11.169999999999998,12.143416666666669,13.085833333333332,11.455,12.022500000000003,2015/07/29,10.8,1088,10.8,0,10.5,10.8,46,2,2430,0
358,11.309999999999999,12.143416666666669,13.149166666666666,11.575,12.107500000000002,2015/07/28,10.8,1088,10.9,0,10.2,10.4,137,2,2448,0
359,11.459999999999999,12.143416666666669,13.214166666666667,11.715,12.1925,2015/07/27,11.25,1088,11.4,0,10.65,11.4,19,2,2489,0
360,11.53,12.143416666666669,13.214166666666667,11.885000000000002,12.252500000000001,2015/07/24,11.5,1088,11.9,0,11.3,11.3,36,2,2493,0
361,11.650000000000002,12.143416666666669,13.214166666666667,11.98,12.31,2015/07/23,11.5,1088,11.5,0,11.15,11.25,24,2,2496,0
362,11.739999999999998,12.143416666666669,13.214166666666667,12.070000000000002,12.370000000000001,2015/07/22,11.5,1088,11.5,0,11.25,11.25,23,2,2503,0
363,11.84,12.143416666666669,13.214166666666667,12.205000000000002,12.425,2015/07/21,11.55,1088,11.6,0,11.5,11.5,8,2,2498,0
364,11.97,12.143416666666669,13.214166666666667,12.335,12.475,2015/07/20,11.6,1088,12.2,0,11.4,12.2,18,2,2503,0
365,12.24,12.143416666666669,13.214166666666667,12.455000000000002,12.522499999999999,2015/07/17,12.1,1088,12.25,0,11.5,11.9,55,2,2504,0
366,12.309999999999999,12.143416666666669,13.214166666666667,12.530000000000001,12.545,2015/07/16,11.95,1088,12.15,0,11.95,12.15,15,2,2488,0
367,12.4,12.143416666666669,13.214166666666667,12.59,12.57,2015/07/15,12.0,1088,12.25,0,12.0,12.15,16,2,2489,0
368,12.570000000000002,12.143416666666669,13.214166666666667,12.64,12.5925,2015/07/14,12.2,1088,12.35,0,12.1,12.35,12,2,2487,0
369,12.7,12.143416666666669,13.214166666666667,12.67,12.5975,2015/07/13,12.95,1088,12.95,0,12.7,12.7,16,2,2507,0
370,12.670000000000002,12.143416666666669,13.214166666666667,12.620000000000001,12.5625,2015/07/09,12.45,1088,12.45,0,11.95,11.95,11,2,2509,0
371,12.75,12.143416666666669,13.214166666666667,12.639999999999999,12.5425,2015/07/08,12.4,1088,12.9,0,12.25,12.85,40,2,2517,0
372,12.780000000000001,12.143416666666669,13.214166666666667,12.67,12.522499999999999,2015/07/07,12.85,1058,12.9,0,12.8,12.8,58,1,2527,0
373,12.709999999999999,12.143416666666669,13.214166666666667,12.645,12.5075,2015/07/06,12.85,1031,12.9,0,12.75,12.8,37,1,2540,0
374,12.64,12.143416666666669,13.214166666666667,12.614999999999998,12.5275,2015/07/03,12.8,1001,13.15,0,12.7,13.15,19,1,2544,0
375,12.569999999999999,12.143416666666669,13.214166666666667,12.59,12.5525,2015/07/02,12.85,1001,13.75,0,12.35,12.35,588,2,2551,0
376,12.530000000000001,12.143416666666669,13.214166666666667,12.559999999999999,12.600000000000001,2015/07/01,12.55,1001,12.8,0,12.5,12.5,49,2,2538,25
377,12.559999999999999,12.143416666666669,13.214166666666667,12.55,12.6675,2015/06/30,12.5,1001,12.55,0,12.3,12.3,21,2,2540,5
378,12.580000000000002,12.143416666666669,13.214166666666667,12.545,12.74,2015/06/29,12.5,1001,12.5,0,12.45,12.45,3,2,2545,5
379,12.59,12.143416666666669,13.214166666666667,12.525,12.8175,2015/06/26,12.45,1001,12.65,0,12.35,12.65,16,2,2556,5
380,12.61,12.143416666666669,13.214166666666667,12.504999999999999,12.895000000000001,2015/06/25,12.65,1001,12.85,0,12.65,12.75,68,2,2555,6
381,12.59,12.143416666666669,13.214166666666667,12.445,12.957500000000001,2015/06/24,12.7,1001,12.8,0,12.4,12.6,69,2,2566,6
382,12.540000000000001,12.143416666666669,13.214166666666667,12.375,13.022500000000003,2015/06/23,12.6,1001,12.7,0,12.55,12.55,62,2,2567,5
383,12.51,12.143416666666669,13.214166666666667,12.370000000000001,13.095000000000004,2015/06/22,12.55,1001,12.55,0,12.55,12.55,1,2,2567,6
384,12.459999999999999,12.143416666666669,13.214166666666667,12.440000000000001,13.172500000000003,2015/06/18,12.55,1001,12.55,0,12.4,12.45,74,2,2588,6
385,12.4,12.143416666666669,13.214166666666667,12.515,13.257500000000004,2015/06/17,12.55,1001,12.6,0,12.2,12.2,27,2,2589,6
386,12.3,12.143416666666669,13.214166666666667,12.64,13.340000000000003,2015/06/16,12.45,1001,12.45,0,11.9,12.35,63,2,2591,21
387,12.209999999999999,12.143416666666669,13.214166666666667,12.785,13.427500000000004,2015/06/15,12.45,1001,12.75,0,12.2,12.2,96,2,2682,21
388,12.23,12.143416666666669,13.214166666666667,12.935000000000002,13.537500000000003,2015/06/12,12.3,1001,12.8,0,12.05,12.05,450,1,2695,6
389,12.42,12.143416666666669,13.214166666666667,13.110000000000003,13.672500000000003,2015/06/11,12.25,1001,12.25,0,11.95,11.95,87,1,2718,0
390,12.63,12.143416666666669,13.214166666666667,13.285000000000002,13.825000000000003,2015/06/10,12.05,1001,12.75,0,11.7,11.7,75,1,2732,0
391,12.98,12.143416666666669,13.214166666666667,13.469999999999999,13.977500000000003,2015/06/09,12.0,1001,12.75,0,11.75,12.4,200,1,2763,0
392,13.36,12.143416666666669,13.214166666666667,13.669999999999998,14.112500000000002,2015/06/08,12.55,1001,12.75,0,12.35,12.4,91,4,2889,0
393,13.64,12.143416666666669,13.214166666666667,13.819999999999999,14.237500000000002,2015/06/05,13.25,1001,13.25,0,13.2,13.2,23,5,2930,0
394,13.8,12.143416666666669,13.214166666666667,13.905000000000001,14.340000000000003,2015/06/04,13.3,1001,13.7,0,13.3,13.7,37,9,2947,0
395,13.940000000000001,12.143416666666669,13.214166666666667,14.0,14.440000000000003,2015/06/03,13.8,1001,13.9,0,13.8,13.85,7,9,2954,1
396,13.959999999999999,12.143416666666669,13.214166666666667,14.040000000000003,14.505000000000004,2015/06/02,13.9,1001,14.0,0,13.9,13.95,15,10,2955,1
397,13.979999999999999,12.143416666666669,13.214166666666667,14.070000000000002,14.567500000000004,2015/06/01,13.95,1001,14.0,0,13.85,14.0,17,10,2967,1
398,14.0,12.143416666666669,13.214166666666667,14.140000000000004,14.600000000000003,2015/05/29,14.05,1001,14.05,0,14.0,14.0,30,8,2974,1
399,14.010000000000002,12.143416666666669,13.214166666666667,14.235000000000003,14.632500000000002,2015/05/28,14.0,1001,14.1,0,13.85,13.95,79,8,2958,1
400,14.060000000000002,12.143416666666669,13.214166666666667,14.365000000000004,14.632500000000002,2015/05/27,13.9,1001,14.0,0,13.9,14.0,16,8,2957,1
401,14.12,12.143416666666669,13.214166666666667,14.485000000000003,14.632500000000002,2015/05/26,14.0,1001,14.05,0,14.0,14.0,32,8,2967,1
402,14.160000000000002,12.143416666666669,13.214166666666667,14.555000000000001,14.632500000000002,2015/05/25,14.05,1001,14.2,0,14.0,14.2,42,8,2977,1
403,14.280000000000001,12.143416666666669,13.214166666666667,14.655000000000001,14.632500000000002,2015/05/22,14.1,1001,14.6,0,14.1,14.1,320,8,2996,0
404,14.459999999999999,12.143416666666669,13.214166666666667,14.775,14.632500000000002,2015/05/21,14.25,1001,14.4,0,13.9,13.9,45,8,2998,0
405,14.669999999999998,12.143416666666669,13.214166666666667,14.88,14.632500000000002,2015/05/20,14.2,1001,14.3,0,14.1,14.25,62,8,3008,14
406,14.85,12.143416666666669,13.214166666666667,14.969999999999999,14.632500000000002,2015/05/19,14.2,1001,14.75,0,14.1,14.5,232,8,3017,15
407,14.95,12.143416666666669,13.214166666666667,15.065000000000001,14.632500000000002,2015/05/18,14.65,1001,15.3,0,14.35,14.8,203,12,3073,0
408,15.029999999999998,12.143416666666669,13.214166666666667,15.059999999999999,14.632500000000002,2015/05/15,15.0,1001,15.5,0,14.85,15.3,95,8,3130,0
409,15.089999999999998,12.143416666666669,13.214166666666667,15.029999999999998,14.632500000000002,2015/05/14,15.3,1001,15.4,0,14.9,15.15,171,8,3124,1
410,15.089999999999998,12.143416666666669,13.214166666666667,15.029999999999998,14.632500000000002,2015/05/13,15.1,1001,15.2,0,14.55,14.7,182,8,3079,0
411,15.089999999999998,12.143416666666669,13.214166666666667,15.029999999999998,14.632500000000002,2015/05/12,14.7,1001,15.15,0,14.55,15.05,178,9,3086,0
412,15.179999999999998,12.143416666666669,13.214166666666667,15.029999999999998,14.632500000000002,2015/05/11,15.05,1001,15.65,0,14.75,15.45,187,10,3130,0
413,15.09,12.143416666666669,13.214166666666667,15.029999999999998,14.632500000000002,2015/05/08,15.3,1001,15.4,0,14.9,15.3,235,8,3139,1
414,14.969999999999999,12.143416666666669,13.214166666666667,15.029999999999998,14.632500000000002,2015/05/07,15.3,1001,15.45,0,14.7,14.85,185,8,3146,0
415,14.969999999999999,12.143416666666669,13.214166666666667,15.029999999999998,14.632500000000002,2015/05/06,15.1,1001,15.35,0,14.75,15.15,656,8,3136,0
416,14.969999999999999,12.143416666666669,13.214166666666667,15.029999999999998,14.632500000000002,2015/05/05,15.15,1001,15.2,0,14.65,14.65,275,8,3095,57
417,14.969999999999999,12.143416666666669,13.214166666666667,15.029999999999998,14.632500000000002,2015/05/04,14.6,1001,14.85,0,14.6,14.7,30,8,3046,0
418,14.969999999999999,12.143416666666669,13.214166666666667,15.029999999999998,14.632500000000002,2015/04/30,14.7,1001,14.85,0,14.65,14.65,28,8,3047,0
