,accumulat_revenue,date,last_month_revenue_percent,last_year_accumulat_revenue,last_year_revenue,last_year_revenue_percent,revenue,revenue_percent
0,447951,2016/12,4.7,609711,54462,-18.4,44442,-26.5
1,403509,2016/11,19.2,555250,59603,-28.8,42449,-27.3
2,361059,2016/10,-10.0,495647,61673,-42.3,35601,-27.1
3,325458,2016/09,-10.6,433974,59710,-33.7,39571,-25.0
4,285887,2016/08,44.5,374264,52941,-16.4,44266,-23.6
5,241621,2016/07,1.6,321323,49758,-38.4,30638,-24.8
6,210983,2016/06,-3.5,271565,38949,-22.6,30159,-22.3
7,180825,2016/05,-9.6,232616,47399,-34.1,31247,-22.3
8,149578,2016/04,-8.8,185217,49679,-30.4,34568,-19.2
9,115010,2016/03,40.3,135538,51893,-26.9,37918,-15.1
10,77092,2016/02,-46.0,83645,40001,-32.5,27020,-7.8
11,50072,2016/01,-8.1,43644,43644,14.7,50072,14.7
12,609711,2015/12,-8.6,352916,46521,17.1,54462,72.8
13,555249,2015/11,-3.4,306393,43586,36.8,59603,81.2
14,495647,2015/10,3.3,262807,42026,46.8,61673,88.6
15,433973,2015/09,12.8,220781,43734,36.5,59710,96.6
16,374263,2015/08,6.4,177047,44401,19.2,52941,111.4
17,321322,2015/07,27.8,132646,41386,20.2,49758,142.2
18,271564,2015/06,-17.8,91260,39648,-1.8,38949,197.6
19,232615,2015/05,-4.6,51612,35030,35.3,47399,350.7
20,185216,2015/04,-4.3,16582,9409,428.0,49679,1016.9
21,135537,2015/03,29.7,7173,5599,826.8,51893,1789.3
22,83644,2015/02,-8.4,1574,387,10236.2,40001,5210.7
23,43644,2015/01,-6.2,1187,1187,3576.8,43644,3576.8
24,352916,2014/12,6.7,32727,1915,2329.3,46521,978.4
25,306394,2014/11,3.7,30812,889,4802.8,43586,894.4
26,262809,2014/10,-3.9,29923,1744,2309.7,42026,778.3
27,220782,2014/09,-1.5,28177,5916,639.3,43734,683.5
28,177048,2014/08,7.3,22261,1506,2848.3,44401,695.3
29,132647,2014/07,4.4,20755,2567,1512.2,41386,539.1
30,91261,2014/06,13.2,18188,7213,449.7,39648,401.8
31,51613,2014/05,272.3,10975,3106,1027.8,35030,370.3
32,16583,2014/04,68.1,7869,2079,352.6,9409,110.7
33,7174,2014/03,1346.8,5790,1890,196.2,5599,23.9
34,1575,2014/02,-67.4,3900,912,-57.6,387,-59.6
35,1187,2014/01,-38.0,2988,2988,-60.3,1187,-60.3
36,32727,2013/12,115.4,26353,2491,-23.1,1915,24.2
37,30812,2013/11,-49.0,23862,2444,-63.6,889,29.1
38,29923,2013/10,-70.5,21418,1627,7.2,1744,39.7
39,28179,2013/09,292.8,19790,2126,178.3,5916,42.4
40,22262,2013/08,-41.3,17663,2270,-33.7,1506,26.0
41,20756,2013/07,-64.4,15394,3383,-24.1,2567,34.8
42,13104,2013/06,-31.5,12011,1953,9.0,2129,9.1
43,10975,2013/05,49.4,10058,1984,56.5,3106,9.1
44,7869,2013/04,10.0,8074,874,137.9,2079,-2.5
45,5790,2013/03,107.2,7199,3756,-49.7,1890,-19.6
46,3900,2013/02,-69.5,3444,1718,-46.9,912,13.2
47,2988,2013/01,0.0,1726,1726,73.1,2988,73.1
48,24145,2012/12,2.3,109260,3372,-25.7,2504,-77.9
49,21641,2012/11,49.9,105888,3899,-37.2,2447,-79.6
50,19194,2012/10,-23.2,101989,6802,-76.0,1632,-81.2
51,17562,2012/09,-6.3,95187,3606,-41.0,2126,-81.6
52,15436,2012/08,-36.6,91581,15361,-85.2,2270,-83.1
53,13166,2012/07,77.1,76220,6780,-47.2,3580,-82.7
54,9586,2012/06,1.9,69440,17567,-88.5,2022,-86.2
55,7564,2012/05,35.2,51873,11735,-83.1,1984,-85.4
56,5580,2012/04,-33.7,40138,12703,-88.4,1467,-86.1
57,4113,2012/03,104.3,27435,15779,-86.0,2213,-85.0
58,1900,2012/02,32.5,11656,4612,-76.5,1083,-83.7
59,817,2012/01,-75.8,7044,7044,-88.4,817,-88.4
