,accumulat_revenue,date,last_month_revenue_percent,last_year_accumulat_revenue,last_year_revenue,last_year_revenue_percent,revenue,revenue_percent
0,3029041,2016/11,-6.7,3075932,273316,-0.7,271355,-1.5
1,2757686,2016/10,9.7,2802616,285627,1.8,290690,-1.6
2,2466996,2016/09,-6.4,2516989,279045,-5.1,264959,-2.0
3,2202037,2016/08,0.6,2237944,283999,-0.3,283233,-1.6
4,1918804,2016/07,2.3,1953945,281823,-0.1,281509,-1.8
5,1637295,2016/06,-1.8,1672122,275074,0.1,275298,-2.1
6,1361997,2016/05,3.0,1397048,285317,-1.7,280441,-2.5
7,1081556,2016/04,-2.6,1111731,271532,0.2,272174,-2.7
8,809382,2016/03,14.1,840199,295758,-5.5,279536,-3.7
9,529846,2016/02,-13.9,544441,250580,-2.2,245077,-2.7
10,284769,2016/01,-1.8,293861,293861,-3.1,284769,-3.1
11,3365912,2015/12,6.1,3498086,310809,-6.7,289980,-3.8
12,3075932,2015/11,-4.3,3187277,289012,-5.4,273316,-3.5
13,2802616,2015/10,2.4,2898265,300856,-5.1,285627,-3.3
14,2516989,2015/09,-1.7,2597409,288980,-3.4,279045,-3.1
15,2237944,2015/08,0.8,2308429,296982,-4.4,283999,-3.0
16,1953945,2015/07,2.5,2011447,281810,0.0,281823,-2.9
17,1672122,2015/06,-3.6,1729637,287481,-4.3,275074,-3.3
18,1397048,2015/05,5.1,1442156,298567,-4.4,285317,-3.1
19,1111731,2015/04,-8.2,1143589,295551,-8.1,271532,-2.8
20,840199,2015/03,18.0,848038,302357,-2.2,295758,-0.9
21,544441,2015/02,-14.7,545681,256992,-2.5,250580,-0.2
22,293861,2015/01,-5.4,288689,288689,1.8,293861,1.8
23,3498086,2014/12,7.5,3336384,297727,4.4,310809,4.8
24,3187277,2014/11,-3.9,3038657,278051,3.9,289012,4.9
25,2898265,2014/10,4.1,2760606,291209,3.3,300856,5.0
26,2597409,2014/09,-2.7,2468847,271268,6.5,288980,5.2
27,2308429,2014/08,5.4,2197579,278340,6.7,296982,5.0
28,2011447,2014/07,-2.0,1919239,286207,-1.5,281810,4.8
29,1729637,2014/06,-3.7,1633032,286697,0.3,287481,5.9
30,1442156,2014/05,1.0,1346335,291287,2.5,298567,7.1
31,1143589,2014/04,-2.3,1055048,276283,7.0,295551,8.3
32,848038,2014/03,17.6,778765,264550,14.3,302357,8.8
33,545681,2014/02,-11.0,514215,222078,15.7,256992,6.0
34,288689,2014/01,-3.0,292137,292137,-1.2,288689,-1.2
35,3336384,2013/12,7.1,3627684,294091,1.2,297727,-8.0
36,3038657,2013/11,-4.5,3333593,286898,-3.1,278051,-8.8
37,2760606,2013/10,7.3,3046695,303894,-4.2,291209,-9.4
38,2469397,2013/09,-2.5,2742801,299999,-9.6,271268,-10.0
39,2198129,2013/08,-2.7,2442802,353998,-21.4,278340,-10.0
40,1919789,2013/07,-0.2,2088804,324206,-11.7,286207,-8.1
41,1633582,2013/06,-1.6,1764598,291160,-1.5,286697,-7.4
42,1346885,2013/05,5.4,1437438,297281,-2.0,291287,-6.3
43,1055598,2013/04,4.4,1176157,293050,-5.7,276283,-10.3
44,779315,2013/03,19.1,883017,314889,-16.0,264500,-11.7
45,514815,2013/02,-24.1,568218,277618,-20.0,222078,-9.4
46,292737,2013/01,0.0,290540,290540,0.8,292737,0.8
47,1420191,2012/12,0.2,1664484,130805,-20.2,104422,-14.7
48,1315769,2012/11,-10.8,1533679,136160,-23.5,104191,-14.2
49,1211579,2012/10,-1.5,1397519,136794,-14.6,116860,-13.3
50,1094719,2012/09,4.4,1260725,131855,-10.0,118632,-13.2
51,976087,2012/08,-4.8,1128870,130953,-13.2,113664,-13.5
52,862423,2012/07,4.6,997916,137841,-13.4,119361,-13.6
53,743062,2012/06,-7.1,860075,142471,-19.9,114083,-13.6
54,628979,2012/05,-6.4,717604,153623,-20.0,122861,-12.4
55,506118,2012/04,0.1,563982,137470,-4.4,131345,-10.3
56,374773,2012/03,9.6,426512,158459,-17.2,131197,-12.1
57,243461,2012/02,-3.2,268053,126636,-5.4,119739,-9.2
58,123708,2012/01,-5.4,141417,141417,-12.5,123708,-12.5
59,1664484,2011/12,-3.9,1569513,132909,-1.6,130805,6.1
60,1533679,2011/11,-0.5,1436605,127978,6.4,136160,6.8
61,1397519,2011/10,3.7,1308626,128185,6.7,136794,6.8
62,1260725,2011/09,0.7,1180441,136331,-3.3,131855,6.8
63,1128870,2011/08,-5.0,1044109,129999,0.7,130953,8.1
64,997916,2011/07,-3.2,914111,131392,4.9,137841,9.2
65,860075,2011/06,-7.3,782718,134606,5.8,142471,9.9
66,717604,2011/05,11.8,648113,139603,10.0,153623,10.7
67,563982,2011/04,-13.2,508509,133234,3.2,137470,10.9
68,426512,2011/03,25.1,375275,141511,12.0,158459,13.6
69,268053,2011/02,-10.4,233764,105929,19.5,126636,14.7
70,141417,2011/01,6.4,127835,127835,10.6,141417,10.6
