,accumulat_revenue,date,last_month_revenue_percent,last_year_accumulat_revenue,last_year_revenue,last_year_revenue_percent,revenue,revenue_percent
0,2903518,2016/12,-15.7,2865350,254803,-8.3,233638,1.3
1,2669880,2016/11,14.5,2610547,248701,11.4,277182,2.3
2,2392698,2016/10,-12.0,2361846,229863,5.3,242047,1.3
3,2150651,2016/09,-4.3,2131983,287235,-4.3,275012,0.9
4,1875639,2016/08,16.2,1844748,244861,17.4,287531,1.7
5,1588108,2016/07,3.1,1599887,227889,8.6,247502,-0.7
6,1340606,2016/06,-3.7,1371998,224605,6.8,239963,-2.3
7,1100643,2016/05,19.3,1147393,235191,5.9,249156,-4.1
8,851487,2016/04,-16.8,912202,221326,-5.6,208899,-6.7
9,642588,2016/03,58.0,690876,244707,2.6,251168,-7.0
10,391420,2016/02,-31.6,446169,184380,-13.8,158986,-12.3
11,232434,2016/01,-8.8,261789,261789,-11.2,232434,-11.2
12,2865350,2015/12,2.5,3590715,275714,-7.6,254803,-20.2
13,2610547,2015/11,8.2,3314939,293863,-15.4,248701,-21.3
14,2361846,2015/10,-20.0,3021138,282600,-18.7,229863,-21.8
15,2131983,2015/09,17.3,2738538,318482,-9.8,287235,-22.1
16,1844748,2015/08,7.4,2420056,308561,-20.6,244861,-23.8
17,1599887,2015/07,1.5,2111495,295593,-22.9,227889,-24.2
18,1371998,2015/06,-4.5,1815902,296836,-24.3,224605,-24.5
19,1147393,2015/05,6.3,1519066,333724,-29.5,235191,-24.5
20,912202,2015/04,-9.6,1185342,319736,-30.8,221326,-23.0
21,690876,2015/03,32.7,865606,310592,-21.2,244707,-20.2
22,446169,2015/02,-29.6,555014,222997,-17.3,184380,-19.6
23,261789,2015/01,-5.1,332017,332017,-21.1,261789,-21.1
24,3590715,2014/12,-6.2,3755633,358969,-23.2,275714,-4.4
25,3315001,2014/11,4.0,3396664,359148,-18.2,293863,-2.4
26,3021138,2014/10,-11.3,3037516,330357,-14.4,282600,-0.5
27,2738538,2014/09,3.2,2707159,361817,-12.0,318482,1.2
28,2420056,2014/08,4.4,2345342,302667,2.0,308561,3.2
29,2111495,2014/07,-0.4,2042675,283764,4.2,295593,3.4
30,1815902,2014/06,-11.1,1758911,316253,-6.1,296836,3.2
31,1519066,2014/05,4.4,1442658,297603,12.1,333724,5.3
32,1185342,2014/04,2.9,1145055,282415,13.2,319736,3.5
33,865606,2014/03,39.3,862640,288552,7.6,310592,0.3
34,555014,2014/02,-32.9,574088,199656,11.7,222935,-3.3
35,332079,2014/01,-7.5,374432,374432,-11.3,332079,-11.3
36,3755633,2013/12,0.0,4614330,321628,11.6,358969,-18.6
37,3396664,2013/11,8.7,4292702,420490,-14.6,359148,-20.9
38,3037516,2013/10,-4.7,3872212,397543,-16.9,330357,-21.5
39,2707159,2013/09,14.6,3474669,495715,-30.0,346769,-22.1
40,2360390,2013/08,11.6,2978954,419587,-27.9,302667,-20.8
41,2057723,2013/07,-21.9,2559367,364373,-25.6,271062,-19.6
42,1786661,2013/06,17.7,2194994,352639,-1.6,346932,-18.6
43,1439729,2013/05,4.3,1842355,435204,-32.3,294674,-21.9
44,1145055,2013/04,-2.1,1407151,392684,-28.1,282415,-18.6
45,862640,2013/03,44.5,1014467,387652,-25.6,288552,-15.0
46,574088,2013/02,-46.7,626815,316134,-36.8,199656,-8.4
47,374432,2013/01,0.0,310681,310681,20.5,374432,20.5
48,305929,2012/12,-24.9,366967,38684,-47.0,20483,-16.6
49,285446,2012/11,24.3,328283,36097,-24.4,27290,-13.0
50,258156,2012/10,0.6,292186,34111,-35.6,21953,-11.6
51,236203,2012/09,-25.6,258075,22048,-1.0,21819,-8.5
52,214384,2012/08,31.9,236027,29432,-0.3,29337,-9.2
53,185047,2012/07,21.2,206595,27371,-18.7,22240,-10.4
54,162807,2012/06,-23.5,179224,21942,-16.4,18348,-9.2
55,144459,2012/05,-23.9,157282,26785,-10.4,23993,-8.1
56,120466,2012/04,15.4,130497,34688,-9.1,31525,-7.7
57,88941,2012/03,-18.5,95809,32592,-16.2,27319,-7.2
58,61622,2012/02,19.3,63217,25325,32.4,33524,-2.5
59,28098,2012/01,-27.4,37892,37892,-25.8,28098,-25.8
